 4 212 258 22 141
 3 168 27 16
 3 275 154 135
 2 34 163
 2 41 130
 3 87 35 178
 3 85 250 293
 3 184 207 51
 3 296 292 1
 2 249 248
 2 88 256
 3 108 281 177
 4 164 40 242 9
 3 99 82 73
 2 110 68
 2 80 139
 2 103 284
 3 8 109 104
 5 72 241 11 106 215
 2 75 189
 3 4 122 194
 4 162 157 152 17
 3 134 101 274
 3 159 50 211
 3 259 158 266
 3 7 222 10
 2 148 287
 2 294 223
 3 246 93 46
 3 286 170 78
 3 203 214 30
 3 299 268 37
 4 276 202 236 55
 2 133 67
 2 210 83
 3 220 86 90
 2 62 228
 5 24 271 89 112 219
 2 260 173
 2 127 43
 3 161 81 59
 2 13 12
 2 92 231
 3 137 131 280
 4 136 146 119 120
 3 58 147 143
 3 95 201 199
 3 285 237 278
 4 150 111 114 247
 2 15 149
 2 227 124
 2 225 100
 3 290 196 126
 2 218 31
 4 193 172 14 251
 2 144 208
 4 74 204 121 272
 3 18 48 262
 2 187 186
 4 56 190 205 145
 3 273 238 2
 2 107 182
 2 38 279
 4 213 128 239 288
 3 63 291 151
 2 105 5
 3 171 209 142
 3 263 70 47
 4 57 160 240 153
 4 261 61 264 165
 2 267 289
 3 125 217 77
 2 200 229
 3 245 197 66
 2 156 118
 2 19 138
 3 60 45 49
 3 198 76 94
 2 79 132
 4 226 243 255 297
 5 44 254 25 155 97
 3 129 298 98
 3 232 140 115
 2 166 192
 3 21 3 257
 2 188 117
 2 96 244
 2 53 123
 3 91 181 84
 3 113 6 169
 2 224 235
 6 282 185 295 23 206 183
 3 32 26 270
 4 39 269 265 69
 4 277 195 233 52
 3 230 64 252
 2 102 191
 3 174 283 175
 4 29 42 20 176
 3 28 253 71
