 34 8703 493 3050 1503 9872 2171 5526 9106 5329 1598 3592 9607 9330 9225 581 1130 1065 3674 4423 6923 7605 7706 339 1957 1661 7084 664 9338 3932 8790 16 8452 6246 464
 13 375 6735 6208 1186 476 4439 6349 6209 9290 6950 3965 5798 2691
 35 6198 5491 6012 6638 6902 7604 9238 2958 7754 8883 9368 5976 527 6366 8750 8673 1289 1933 2996 6289 4452 9665 4389 6564 9398 6232 6688 7218 7159 1303 3942 3113 2376 8430 8044
 16 5860 5480 618 917 3804 9982 5275 3219 7963 5831 4753 7214 598 948 994 6870
 22 9888 1984 7314 4720 6718 1111 6550 9130 4213 6932 8644 3314 9754 7624 133 5005 4906 943 7756 4162 5474 4338
 35 519 6658 7428 6338 4450 3435 7761 6163 4117 6178 6056 2622 1771 8177 1031 693 5168 9335 9372 3446 4505 9895 5078 3726 8677 7067 5142 5797 5146 2096 8919 5833 7784 4049 2055
 22 6663 3601 9286 5888 152 4880 5553 5958 5203 5149 9201 5331 1196 931 2795 7257 6046 3492 1938 9878 9259 757
 9 1135 5590 8714 7127 7826 6872 5209 8581 7899
 17 7913 3952 255 2486 8680 3953 4169 2811 5438 4627 7850 3240 4616 4530 3327 9765 2848
 14 7957 8198 6454 832 5405 3981 6838 384 7990 3087 9759 8943 9960 1293
 15 3444 4761 1386 9375 9394 8617 121 4074 544 7900 6451 4055 1337 2887 4476
 8 3654 213 1216 5867 6978 4522 5714 4929
 26 2061 2079 4959 7355 4031 3796 4369 9929 2834 973 7388 1409 5802 6229 4961 8912 9529 8655 3423 9521 822 9189 4445 9446 5318 6439
 24 4855 5369 5541 6186 7535 2781 3958 4965 1098 6610 173 1925 4030 6936 8032 2472 8515 1086 8836 4261 5667 8838 5150 1020
 11 6115 4080 5678 823 2434 3482 4971 462 3086 6517 1614
 19 8758 146 8033 2057 2370 912 1591 3449 9250 7321 634 3360 8201 6224 628 1730 5412 9693 2658
 27 273 530 4225 7092 8190 7445 9566 9077 7915 9268 6391 1584 9322 2498 8064 2532 2611 5019 9212 525 814 3244 5427 4945 2655 923 7789
 36 7040 9944 6392 4021 7282 3532 7150 1309 8229 2568 8662 9513 1328 7650 909 2016 701 4732 8907 7771 9315 9615 9525 8818 1788 7859 1219 5439 5964 6685 7026 7968 1488 811 5029 20
 20 6916 9996 5189 1729 1627 1023 9333 7958 8889 8241 4187 4051 6557 8388 5873 6976 3868 8696 2814 1207
 17 55 5212 1245 2209 7558 6491 8407 6727 8659 2191 8547 9643 4430 2644 9506 3004 7632
 17 1776 4115 4007 952 9035 4270 9288 4206 1922 7351 6691 5277 7304 7596 2168 8000 6997
 37 1833 8073 4869 7276 9263 7693 5619 4824 4767 15 9015 7525 5379 9593 1513 1783 1266 6975 7250 6318 6754 3598 1990 7868 4640 6049 5151 1877 5290 5162 2764 3971 927 7057 635 9736 9532
 15 5086 6296 3740 559 6484 1475 9992 6641 6775 8253 7979 1903 3612 2492 7161
 20 541 6128 3542 376 3760 4692 8443 1162 5365 8634 5144 1063 3248 6394 2925 8251 4172 8089 3688 2322
 12 4637 2106 9702 9757 9164 9065 7110 2891 7717 3742 6470 5408
 25 8962 2748 6547 9282 1527 5351 753 6762 1355 4724 9151 3507 7794 365 8605 1974 324 9857 5037 7484 1419 937 1191 3408 8217
 8 5885 2736 5199 1662 6958 8311 4911 5857
 23 9679 3459 9045 596 9761 1250 1779 3648 4163 8510 2346 4144 7089 2131 8706 79 6074 5836 251 6955 1570 6434 231
 17 7929 1874 286 1501 8415 8842 1901 2757 1632 2111 5492 8466 7421 5454 8751 7300 1190
 10 3855 5507 9696 2497 6293 2745 5941 5824 4796 3791
 5 3578 1181 6387 7206 6644
 21 9449 5193 9583 8325 4567 9470 8473 8583 5165 3382 5363 2727 8066 8208 5447 1636 1147 4695 8674 795 557
 15 24 3951 1002 709 3963 6743 9150 5625 3178 34 8252 6090 4408 3857 1410
 39 3371 315 5425 2305 5566 2245 7442 5656 3232 5695 1864 949 1198 5201 1203 5163 936 2808 7132 3377 6682 4316 5558 5950 1224 9258 9598 5330 3472 8472 4721 5750 4509 111 5224 9797 797 1573 6191
 26 117 8207 3842 6357 8259 8228 2867 137 6106 852 2901 7967 6235 5305 3977 2129 3052 4715 3331 2965 3599 3881 752 2918 4325 3719
 27 4618 4223 1010 3614 6915 77 2186 5552 6928 3437 2582 5807 2826 5397 6957 3357 4956 7688 123 9622 3626 9484 5978 5591 8363 8337 3617
 9 372 4437 6536 9251 7370 8841 8121 3805 7433
 16 4307 9556 2681 6420 6575 2741 8742 4497 4819 2921 4329 1094 9098 8011 4604 9369
 29 7401 2714 873 4491 9213 7552 4919 3813 2351 185 5906 7299 2980 9323 9344 9893 1608 2223 2798 2080 6358 2993 3274 436 2679 3264 5508 4047 2163
 27 6695 5517 2112 5711 9037 5557 8220 4397 1197 1461 2841 3428 4533 7440 8693 6167 8931 361 7179 7322 1650 344 4514 7306 9063 1998 9131
 14 9523 8370 984 7922 5267 8998 4247 9911 9838 2882 7259 9534 5226 8463
 27 2869 7104 6245 5712 1723 942 2732 7746 4089 6737 9073 8193 2104 9155 1075 1982 7153 9079 6859 9594 359 9245 8668 6400 1744 1274 9803
 44 4150 8902 3786 9625 761 2696 4744 5400 4888 2924 7207 1944 4787 4566 5417 5470 5786 5384 4168 728 1322 8025 1976 3013 1477 703 7012 4684 1816 9839 4612 6759 520 9310 4022 6022 9434 3415 9010 3671 7568 2609 1001 5415
 22 1005 3311 8464 7662 7811 3165 9388 7339 2359 9983 1629 4710 7978 5478 5488 259 1452 9168 679 1454 170 3985
 34 961 2147 9633 9450 4645 7278 7271 6683 953 1814 5640 2153 232 3856 4382 155 5722 4276 4754 1358 5741 3187 3303 1362 3100 4668 5773 2643 6373 7563 8385 685 6258 437
 27 920 5060 502 5699 7323 9751 2751 8963 1806 815 7815 8643 5315 3048 4183 8053 5264 9257 2353 1619 3677 329 2608 7311 758 1887 4622
 36 1978 5359 8410 9620 6023 8695 3434 3228 5323 1568 6223 5247 754 3948 7879 9894 663 8076 139 2500 5401 868 9236 673 9332 6236 2349 9931 7540 7983 2886 6702 2502 8216 3656 4865
 21 4894 4648 655 2409 9742 3901 7453 4549 5930 5022 1498 9907 3019 6427 3720 1490 4134 7719 8137 6241 8087
 23 9550 4441 5023 4547 8299 5157 6823 4597 7976 6126 6532 2676 6370 6214 2953 6781 7827 1899 6941 6627 1544 2794 6342
 41 222 2784 697 119 9190 7882 660 4415 3905 5725 3231 9219 724 8705 8974 4964 2268 6774 8992 8335 7047 9422 7578 207 9445 9099 6929 5676 7989 1185 99 755 7803 2592 6148 317 3571 5760 8980 3402 5253
 43 4058 5818 5816 5719 6446 9068 5837 6132 2011 3793 967 6999 2796 7381 8901 5039 3436 6728 543 800 5385 4032 9686 534 1671 974 7616 2183 7858 7670 6551 5588 5781 8639 4401 9200 9771 5653 6569 7235 5988 4432 8700
 28 9675 7320 8784 267 415 7096 4300 6121 4699 2948 3225 2793 4783 6194 522 4466 5895 3260 1586 5604 5077 5446 5758 7146 4133 7460 3618 8957
 30 9799 3176 8786 2973 35 8093 2981 1942 4496 2248 536 3757 6591 223 9356 4488 5989 8608 4108 6275 911 3922 4791 1467 6007 1683 9 5232 8898 2169
 34 1664 3430 6875 9869 8816 3116 1474 6971 7274 3146 7334 4019 9574 1810 3221 9270 78 9780 5000 7802 4529 6758 1214 5111 7029 7511 2005 6895 9956 8384 6876 7649 4296 8535
 24 297 1689 7224 7574 3398 2600 9833 8058 2906 2541 4335 3516 5333 2889 2803 1556 9777 6673 7349 469 8726 6080 6795 2271
 38 583 5090 4657 2181 9832 1886 9684 3364 9234 9612 193 9441 6883 3269 3847 9490 4770 3330 7708 3511 1654 4026 8972 2028 3552 5843 3192 804 228 1552 3898 3681 5623 1301 6981 5476 4156 1212
 25 8840 4511 6924 332 3615 1079 6213 156 4328 2164 7770 7614 586 2863 5523 9498 6583 6233 5813 648 3715 1278 6481 298 8163
 36 4143 8713 7255 3325 8079 6222 578 2977 2025 4561 865 7120 5278 4768 2729 4044 806 5778 9194 8954 870 9327 9053 3771 6626 7470 3548 9551 5924 2807 6401 107 4841 1522 7881 3883
 21 4346 3368 7243 1529 235 6755 1485 3525 1610 3365 3725 3217 3864 3803 3488 1173 8503 7136 1669 8541 710
 38 2316 8426 4875 3220 2900 6657 6331 1521 2477 5302 6519 6779 7904 2501 3251 9384 6396 8010 7137 7674 5980 2091 1917 8769 925 4131 3407 4422 68 4434 5822 7307 5883 9169 6840 3284 707 2627
 17 2559 1192 2955 6837 6766 8781 6796 9692 5515 6193 1234 8925 5455 8106 4446 6721 9517
 34 7952 2293 9353 4029 4938 1733 867 8485 1476 3621 2095 2315 3271 4073 5919 6176 7832 824 7703 2763 7747 3730 4254 2058 6354 466 1694 5787 1158 8923 6158 9095 6405 8154
 20 1888 6951 8448 4088 2651 3663 8951 7456 9641 7924 7926 7267 8760 6463 4419 8983 5685 5551 1579 181
 17 1040 2538 5626 4666 611 5660 3181 6346 5260 8968 4440 503 3670 588 8678 6143 9536
 39 7119 5743 6942 1460 9497 9564 5160 5211 8159 2229 612 3463 1308 4845 9403 9718 9930 6025 9021 3283 4322 5136 500 8875 2097 5595 4946 3318 3497 7 5624 1517 5348 1536 9427 5718 6881 4277 9766
 27 734 3915 7208 896 8094 159 6832 3258 6393 3044 5998 1638 4856 2844 4843 8576 8725 3913 9863 5080 7273 2560 6738 4573 6227 4818 7049
 31 4214 6877 3384 3411 6425 3420 4990 8876 9242 5426 2652 2320 3230 4188 631 7623 6520 4926 981 4444 1617 7310 7374 6112 2100 5294 9014 962 6789 3812 7472
 26 3149 1421 9813 3554 8989 2831 1441 8909 3896 8494 8661 5442 3159 3351 8246 5705 5463 1432 8839 2666 9519 2625 6096 8488 3749 6919
 22 8204 5948 5744 6192 5777 9557 7492 9276 3439 1109 8018 2525 4046 1504 4734 8871 4128 2063 1624 3072 2939 5058
 18 157 4455 6164 780 4017 2288 3009 2428 426 3800 1076 9590 1184 3702 8260 4778 3984 9796
 5 6321 3912 4609 7522 1150
 33 5598 3068 7884 3949 5713 4584 3570 893 395 6059 2042 683 1471 2854 6436 6414 4459 1854 3682 3374 1687 132 237 468 4294 6065 8893 5926 791 4339 4904 8884 1009
 26 3988 9544 9628 8795 8504 7387 8652 9440 5070 6864 3328 2452 3686 2994 7528 6801 1853 7721 5594 5703 404 4972 204 1837 6635 9227
 21 8406 3462 6984 1146 2034 6249 4210 6362 3582 2542 3911 651 4380 9606 4702 2298 7509 5616 4731 7424 9770
 30 9283 3990 9485 2992 8110 9273 3477 7555 4907 76 3997 4343 7823 6824 5180 5097 3233 3982 8294 8810 420 1673 8570 8619 9986 7669 6441 3405 1939 5265
 26 7862 4544 1603 5559 6605 894 1394 8601 6940 5565 201 6530 7354 2687 9786 4738 8754 3272 1582 4510 3180 9909 3741 4531 9176 5944
 14 6961 1773 2118 2856 8791 169 5914 6386 8186 8764 9421 1555 7530 6613
 15 4842 8021 5295 8157 8856 895 7759 3102 5679 8631 8148 3597 7842 4941 3286
 36 3103 3170 8462 7870 5291 9458 3261 4944 8956 7221 7045 2402 93 8916 6873 3902 4881 3630 42 9060 8922 4166 1737 7545 2328 1764 1091 5028 8635 5138 2013 3886 5404 4779 3518 2273
 14 3457 1778 6416 2144 8958 8656 7397 5183 8221 2873 9961 605 9723 7713
 25 9216 5500 9575 6000 8191 4070 4651 8297 8060 1707 8930 9204 3769 165 5528 4577 6732 9841 2637 9689 6606 9223 762 1088 406
 14 622 3381 4301 9959 8139 6449 7959 6631 1868 1074 3923 4844 8057 5841
 19 5406 4184 2074 4202 9492 531 1494 4532 1799 3466 1907 8344 4489 4852 5274 8512 8347 3491 6063
 37 3693 8458 3475 922 4913 8300 6907 2122 5451 350 3210 8551 1747 9302 5801 4582 126 1217 2768 3045 5877 7699 1165 7725 5568 4102 7168 5993 5893 574 6499 4743 1809 2786 3012 8374 3064
 35 445 3717 2825 3051 4171 1985 1302 715 1271 1679 1464 319 7610 9321 9462 7004 283 6773 5308 9183 4963 2876 6734 7377 3736 4579 9578 2232 1540 4751 3934 2067 966 1118 828
 19 2986 3291 7532 5032 9630 1857 9755 195 2615 4765 3822 3132 2001 1927 630 410 8487 9690 2669
 35 29 2963 5627 5135 8671 6784 2702 2415 9496 8638 2645 275 5664 3925 9722 3828 9967 4982 5258 3352 9616 983 4053 2155 3897 2514 2778 4240 1936 5081 6084 1354 9984 360 906
 16 3471 8573 5748 9804 3885 5628 6216 5576 6188 9377 9995 3106 8724 432 3522 2441
 35 8179 8449 4836 5069 7629 8798 1790 3476 9433 6696 6821 1822 6298 6006 2062 2398 3650 6471 2733 9102 1678 1732 8206 7144 1285 4542 9922 746 6986 2193 7742 8327 4897 6113 1569
 14 3555 6786 1500 3117 7041 3746 7729 7301 1159 7821 3126 3975 7133 7795
 24 1866 2899 4352 9424 5092 3392 1154 7071 4512 7099 5175 8162 5518 3649 1268 3427 2002 8712 3882 2114 6323 6973 7772 5225
 24 580 1655 3193 7508 8197 9395 3376 6628 3361 7121 2367 110 446 1080 882 6287 8802 6448 5521 1195 3520 8332 6465 59
 34 3281 1363 428 2031 7236 4396 6512 9138 7762 1716 118 5134 1709 7647 9884 5016 6858 8873 6014 2190 1789 2708 1442 3716 9600 140 4179 7744 8683 6147 2656 1892 818 3724
 35 6456 2143 5089 4016 4656 6886 8173 5866 2386 106 2260 3930 1051 9319 4821 8960 2580 5482 547 2433 2995 154 4674 2162 8771 4425 6254 721 4737 9271 7338 9309 6035 6664 5538
 25 2020 4630 1949 9743 4137 141 5169 643 1160 8038 7971 8373 599 4317 3332 9051 4199 4998 3388 3627 5661 898 9214 737 1418
 16 7640 2928 6634 3119 8306 8593 6577 8483 1478 8964 2136 8684 9210 6514 6994 3969
 18 2576 7329 6168 1 982 1693 6270 8990 459 7075 6171 4341 3815 3153 8255 8180 766 142
 38 2912 8588 1200 4953 7692 7548 7263 5279 2395 3754 2054 4498 4653 1934 1897 6353 5191 3473 1125 5068 7974 8936 4336 9588 6162 2149 3383 784 7607 6599 7204 6341 1663 5806 6943 6087 2410 5859
 25 1353 3821 8521 4205 8236 4006 7502 5614 9389 2381 7591 6079 1615 6432 1434 8315 323 9145 1594 8222 2697 6715 5931 2227 4292
 18 8184 6582 9026 1525 7798 8143 4258 1136 5271 2088 2517 6687 71 2331 5742 6285 1456 9753
 15 4788 8774 565 950 9889 1455 8023 3859 9474 6963 4701 492 7079 7824 5063
 10 6228 4863 2425 6927 5287 4027 8095 2329 3559 3892
 9 4495 4920 313 4887 7495 7073 8647 9721 8789
 27 1269 7704 3362 2467 7707 7962 8532 6977 5421 1463 2242 8231 8886 6661 7336 7254 750 8568 7487 4760 1213 6573 9775 1961 4286 321 224
 29 5424 5113 3461 1240 3270 7342 4371 8981 8820 1330 4564 4167 6880 134 1702 7718 3212 6714 2413 9835 8623 7541 2549 8417 3171 4816 7027 4557 7641
 24 5341 128 290 5240 8445 8737 374 6243 7727 698 4456 4060 8748 6339 2749 1918 2197 7839 6282 7015 3002 9396 4311 4103
 25 1735 3196 4717 8815 7237 545 6620 2093 2712 6675 7449 2894 827 5612 5418 8418 7261 5544 783 3787 4785 2277 5494 9589 6221
 17 957 211 7239 1565 1738 3305 2766 4426 3308 6240 3487 2175 7782 2254 4868 8849 4538
 37 4586 5856 5554 4826 8653 1634 7253 8037 5382 5838 175 1943 4638 6179 3085 6769 3356 1286 2142 1832 2308 963 7139 6651 5509 6487 9580 9217 4484 8468 197 7008 6322 6088 3665 4040 8527
 17 3025 9137 5920 7312 2654 2852 4355 2076 9505 9639 9526 1930 2052 7796 7972 9904 7458
 39 5304 1530 3512 4973 4119 4278 8244 9823 9143 3501 3672 8268 4698 3123 2990 5216 2237 5849 4262 556 9597 6906 8280 3081 2127 3900 7634 9491 2083 971 3957 7938 3734 3080 4424 5436 6 8870 3380
 27 7141 9543 6058 9735 378 2927 3345 4256 9028 833 2366 9229 5268 3339 6625 7352 2231 940 3387 4176 4727 2668 6835 3166 5726 8132 9910
 15 3564 9012 8285 9954 8565 3668 4178 2705 4943 8949 6828 913 8722 8433 9354
 26 1528 6851 8835 5012 2464 9457 9647 6893 1110 2035 2397 7392 3075 9790 2479 3625 122 4092 1050 1140 4271 301 8174 5647 566 8301
 41 6952 1908 856 7628 8615 617 9948 4617 294 4406 8743 2601 2935 2740 4562 6982 274 6785 686 3455 8471 5589 8181 7838 5618 1648 8358 2750 2849 7308 2188 8295 49 4896 6250 1847 9296 296 9499 4140 5547
 18 8342 5213 1625 8382 7193 5234 6825 1817 3237 2120 1122 9540 3872 2703 3369 2819 8123 4846
 20 3030 8254 4285 6305 4664 1846 8263 3624 6344 2264 9303 8072 2557 1656 3341 4052 702 5533 9371 5854
 28 5161 166 2132 2036 1684 4139 4643 595 353 5995 9859 310 8822 6506 2932 2475 9973 3695 5834 5683 3914 2064 8391 5737 5973 9146 8865 1646
 10 5716 400 1973 2966 1073 1468 6122 9988 1000 8019
 15 5649 2675 3277 4457 4947 5733 6846 8821 9933 2354 6560 3935 6960 7618 759
 27 3743 8104 4349 435 6503 9127 2802 3904 6946 8506 6268 6548 5635 2241 1911 3443 5104 7506 9762 9502 3015 3252 1935 5065 302 2221 2724
 32 3692 9401 150 9805 3375 4957 2323 5799 990 2667 7176 6868 8428 9943 6829 2311 5106 7447 7396 2029 7050 3177 270 8389 7279 1991 2133 7163 5388 327 5953 2225
 18 6039 7187 5309 5984 5882 6528 8354 1975 4822 625 915 4757 8114 7617 2113 8138 7533 2770
 15 2008 9252 6865 5484 6798 9732 1382 855 9725 9518 8045 7233 2572 5067 6492
 22 5245 1323 9274 208 5751 7785 7256 5374 7837 5219 1188 9592 9361 3213 9085 3256 5529 5350 8127 3613 7773 8482
 29 6424 6493 720 8219 5674 1215 9972 5603 7988 7691 7822 215 7065 1534 4632 1964 1743 7328 3961 748 9946 7063 5483 1596 1828 2303 5215 8730 3848
 38 8559 7631 8766 7190 9477 4372 7245 4326 2665 1583 6850 3469 2043 1541 9881 3854 7651 3 405 7944 9331 1072 8525 7345 7844 9989 4771 5997 3312 9032 351 2310 8145 8090 3035 8168 2463 8185
 15 61 2791 8832 5025 9071 5422 2290 8585 8062 6190 848 1680 6057 1015 976
 24 8102 3830 1272 986 7203 9842 1062 3731 1752 463 21 1774 1396 5411 3907 9148 7497 8689 5498 3336 6637 7155 9360 8210
 25 7229 409 9464 4141 6024 524 9844 5959 7987 6953 8289 4942 991 2851 3234 7003 2306 7775 5634 555 2450 8602 9782 3535 4268
 14 1879 4661 7876 6173 8575 9209 178 4528 37 727 558 2081 9530 1378
 39 8728 4673 95 3058 8187 2178 9678 3451 6013 1458 8664 285 6905 9362 4002 3494 7009 6863 3832 3567 5479 6777 9699 6572 96 1919 7030 7658 8393 6760 6723 1808 2830 5242 5581 3945 8607 1137 9374
 27 5381 7512 6159 7249 3605 1792 9871 5495 9710 5701 8851 2407 516 1069 538 9221 4840 7178 5992 7298 183 467 7018 3152 985 7061 4927
 21 8578 4802 1953 6854 6790 7291 6175 1839 9903 1333 3183 2987 6472 960 526 5580 3698 3762 7496 4273 5179
 24 268 1252 1845 100 9364 1631 5550 6882 6746 987 7407 6987 5284 1756 3593 4805 8969 5969 2759 4308 7219 3871 1576 5865
 20 3008 9128 7792 6475 6119 4958 4884 1067 2719 1241 7199 3835 6383 4596 8982 3298 8948 5413 805 8480
 38 7877 9985 656 9466 8860 4696 1937 1364 8288 4628 8450 3776 2228 4747 5171 2478 3495 8048 9350 3076 6027 8975 2476 4889 9760 5940 7559 9069 7423 2094 4811 2458 1350 2730 6993 535 1898 4803
 24 7799 9406 3773 1580 5779 3370 871 1443 4195 6156 1532 4472 8345 3216 5353 9351 1626 1549 6045 7748 1084 5874 2773 391
 36 8520 4255 1869 3544 3583 4318 7901 8555 5994 8493 5116 9133 4800 7920 1819 1800 5704 6505 7285 4280 9363 2584 1373 7201 3587 5772 1440 5643 5085 389 4763 2435 8096 2905 8372 5244
 17 8271 9469 4493 2060 5952 5579 8245 377 9784 518 4590 4518 836 4878 449 7581 8397
 30 585 2641 2006 7580 9314 6601 1676 8687 9611 4981 2444 9231 1283 9142 4979 6679 9239 9447 1316 3700 1053 787 8905 7767 1713 2824 2822 4180 8888 240
 31 7911 1860 7927 951 5593 6098 9226 7630 736 6495 7935 9798 517 2039 1057 2785 9572 2590 8709 7264 3996 3226 9149 6653 4580 7836 2474 1403 2926 7393 7036
 18 741 3424 1313 4207 4705 9483 2670 4572 2646 6299 9825 7925 5823 5118 1089 7519 1742 4483
 22 6607 4885 7319 7602 3807 6078 2776 2578 8116 8303 8495 6419 3063 1242 9147 8657 4519 3184 8580 5334 3279 4662
 37 6649 2788 3208 6304 3396 4421 6836 4050 2731 9738 4986 930 2558 1338 4939 4634 9934 5306 3635 5083 2024 9706 8544 1670 1761 2632 2913 2678 7848 745 1706 2047 1401 551 6310 6369 4793
 22 6160 6457 933 5783 529 2044 2809 9817 1096 8097 2923 17 1277 7195 3660 8360 8442 5805 6124 5522 641 5688
 37 4882 7373 839 4704 8530 8642 292 6082 969 8486 272 1417 4062 4772 3267 7189 9828 385 4694 4036 1423 9509 264 5 1243 7765 1607 5644 3254 6435 6019 1983 9198 1909 1055 9638 7825
 12 2941 9320 1640 3539 6623 6421 341 2998 70 9970 3825 3458
 18 4687 6645 4024 4605 5457 6956 8560 1912 7857 1844 192 6445 4041 3046 5659 5057 1923 4091
 14 2774 739 5654 3029 481 7446 7380 9232 5441 8924 1514 2200 8331 8874
 27 4829 1045 1262 1750 9653 4631 3006 1657 7887 4837 8558 2182 2968 1506 3162 4375 4610 8100 5044 4977 8858 1043 4729 9977 5876 4725 4186
 28 113 5954 2657 419 3840 2577 9100 2059 4652 2473 2930 9156 2680 1831 6104 7305 3610 4899 5880 6447 8470 7743 473 1314 8881 8628 6686 6521
 37 8395 7768 7666 9951 4914 7663 6698 9963 9222 7498 3691 7843 1470 5133 9541 5651 9709 2299 3747 5966 6180 4334 5936 6671 9603 8777 9772 9294 4508 8205 9703 6844 2833 7112 1931 3755 4243
 20 9207 9052 8309 849 6356 5690 2173 2045 9896 7715 2898 5394 4211 7222 4669 7062 4312 6325 7177 2528
 37 3239 6110 4233 9254 4291 3038 7019 8523 5622 8996 1710 7366 816 3799 9298 5519 9444 5073 3293 5292 6733 1253 1388 7997 6935 4827 858 9500 9932 2363 4707 9058 4416 7269 6968 7335 6288
 29 9411 4112 1524 1830 7686 7994 671 1746 7642 9561 6460 485 7830 6921 6722 5556 8307 5004 8933 6187 2189 184 2068 7960 4165 9945 8047 455 9326
 8 4644 9132 9758 9418 8846 3705 1699 4374
 27 2944 7444 5809 3235 5002 731 288 8863 4535 4739 9086 5186 8399 5761 9991 63 9367 3109 1878 5897 2562 5489 792 2623 4490 3043 2897
 20 1794 6068 1267 3585 161 6272 7171 3098 9272 2972 7145 7712 4539 4499 7689 2154 3574 8291 8563 7058
 23 6724 6879 4722 9193 7531 6149 370 9181 198 6347 7671 7851 3306 8853 6768 7593 1507 7888 3529 3781 472 8414 7404
 35 9670 5510 4107 7883 3759 1725 6161 408 8416 5210 5730 8264 3808 9533 5320 6543 3844 1033 8039 2150 7961 9855 1704 5912 1103 9206 747 4676 1336 7202 4611 9061 4905 5666 1558
 13 8420 5746 3865 5535 5602 7464 6857 7362 3644 1972 9577 2862 7986
 15 3321 5360 9468 3071 8499 3683 7087 5499 176 2914 4126 729 6931 8847 1019
 34 219 2838 499 2192 5475 239 8153 2340 5243 276 3078 3379 1941 3195 6847 2102 9663 3809 4933 4436 33 1404 7213 8825 7481 9861 2391 1133 8080 3417 8265 3858 5293 7937
 17 9901 5487 9890 8088 5184 9124 2723 5185 1675 8046 1495 4570 2326 1479 9650 5280 9677
 18 6044 8376 608 318 9512 2754 5082 7515 7078 5101 8446 5154 357 3438 8270 6612 5071 9569
 10 9121 3142 932 4983 8451 1600 2196 401 7011 8921
 20 9581 6377 6165 8805 5832 6549 5223 1703 3941 1795 1380 4534 4556 2339 9887 8183 3641 6576 9241 3589
 23 9020 1852 3891 7372 5347 6985 6705 494 876 105 8645 2048 5317 7865 7007 4368 9939 7101 9661 2348 8669 7025 4759
 30 9291 3758 5307 5088 8028 4244 3750 3862 3722 3924 5872 2213 5810 4614 6776 7619 6429 3545 5336 7486 6215 2553 621 5677 3834 3933 6892 4284 8423 218
 5 2176 4831 4447 1427 8098
 12 6767 2881 1399 8077 6100 5127 2878 5269 3836 3987 5312 6650
 36 8675 5466 9666 8224 7874 6526 633 645 1182 6094 5099 6562 2804 4279 4569 6226 8513 8141 9233 2685 9488 2027 1890 3823 9342 7908 6095 4600 143 7450 5450 5791 6153 7814 3928 778
 11 1993 5771 4940 4854 552 629 2543 1433 9729 2758 9220
 32 2278 3849 7677 3602 8940 5036 4607 9962 6081 5782 3798 2846 9056 3174 1967 26 9571 1682 7330 4762 7095 7890 2317 8744 6278 5493 5972 7863 3652 8319 1359 3664
 21 1563 9900 3145 1345 3738 7797 6086 250 9730 5084 2267 5286 6611 3504 1390 7416 5460 2259 6998 4069 8171
 36 9979 8978 41 2896 5158 2982 3112 9836 379 4356 509 3372 3295 774 5767 5785 742 8242 9112 4915 1827 1719 6320 1167 6267 6091 1712 4081 1085 8723 2812 2976 5825 8226 2172 1510
 18 8509 2401 2718 2244 3096 5762 1526 1244 413 8880 6217 4860 2046 7413 2847 8008 263 2755
 19 1815 1697 7737 1381 7998 7549 3452 1906 331 5585 9107 2347 3302 2747 5617 9747 8613 5449 1038
 31 6633 6220 9524 9116 3636 6809 6618 8239 4832 2621 7566 1988 278 6042 2777 7853 2485 9471 6511 1249 7518 2369 5673 4363 7412 7489 2961 8083 1962 5631 2530
 41 2327 3816 3666 381 4659 1557 8403 6570 3839 9082 9438 2534 3031 880 9358 5122 1132 5357 5870 2552 6055 3577 4817 4740 5152 5261 3209 4991 6050 9905 4174 8626 3143 4061 6770 7977 6365 1966 5900 5592 3204
 22 610 368 938 7454 4876 3448 760 1711 4386 7244 5828 7980 2262 5657 6015 4161 9467 6914 5896 8770 9172 1300
 15 2507 6711 4558 9199 3729 5527 1885 8081 5416 6490 7272 1851 9522 2951 3887
 21 4098 7637 4733 7337 4629 1263 5899 8296 7726 6406 2400 4746 6262 2284 1572 5852 8763 8567 43 9515 4185
 23 4066 8055 2455 2440 6340 3026 4709 8827 9849 9584 8063 8553 8013 8333 7054 182 265 900 7165 9876 5848 1139 6185
 33 489 892 4686 2799 4636 2548 5534 3285 4711 4330 3323 8755 9366 694 6137 997 1493 7582 2451 3873 3296 3344 9791 418 9794 1481 9898 705 6070 7476 2007 2210 5376
 22 5902 1030 8554 483 6703 6814 8806 8101 9031 5569 3135 6085 3340 304 1818 5793 7897 9188 7855 7736 2022 820
 10 7468 2872 3343 9307 4823 5937 9646 1230 6603 1948
 18 2429 6558 4194 5636 9874 8192 6452 3000 8172 5346 2650 4931 3658 236 6889 1128 8279 4683
 23 4984 7406 9297 5352 8529 2217 7010 444 2184 7493 7898 8502 6157 4473 103 684 2431 8281 1187 3908 3401 2620 392
 41 2828 1734 661 3403 8637 2442 9949 1169 9284 7234 8857 5289 4086 3186 7645 6488 3748 1435 5420 3266 7505 9153 2682 104 5448 1451 4975 5765 7022 8756 5338 9443 5613 3703 7740 8275 763 58 8232 8113 2845
 28 6418 2026 2975 9255 1628 8682 8995 1884 6744 7701 53 6033 9218 1611 5456 3431 2199 6075 7242 2929 14 9953 5316 6177 5652 9004 7459 5665
 29 3667 6265 4065 704 847 3278 4690 7091 6513 9428 7217 6947 813 5525 6154 9565 4655 6852 101 8355 7390 7539 9432 7950 4901 3687 7289 4799 2659
 15 4056 328 3067 1208 8164 4682 9658 1956 8005 5051 1585 8082 7985 4987 1006
 12 9698 5214 4507 5668 9610 5982 7544 5361 587 9938 7182 4158
 30 6965 210 1491 3993 772 7113 7777 2505 508 8603 2938 3753 7672 1551 8621 3968 6707 5607 2832 1083 7200 4367 6761 2491 4633 4697 3224 2610 7783 1247
 23 3410 5562 716 4351 5986 6604 7734 6556 1011 2378 8050 3158 8734 9618 7367 5784 9036 8092 4226 421 2606 2073 1562
 30 6361 6206 7787 6647 1189 2156 9553 6800 1736 2341 7790 7260 1291 600 3960 1696 5196 8052 75 3831 8794 9126 1575 7359 5560 3460 7964 6911 1602 4750
 8 2418 8852 452 623 4820 2138 1082 6350
 14 6269 965 9104 2250 7438 2591 995 6535 5048 3028 5811 7751 8178 5629
 10 6694 8892 5829 2573 393 7343 5889 4886 7138 3631
 21 5222 1970 9064 6244 6896 425 9812 3211 5878 5670 2909 2805 8571 291 7878 7902 1144 9013 2583 443 3288
 22 2531 6410 3105 6101 9897 1311 5298 2453 3974 3505 7806 1411 7763 2633 3709 3889 258 7039 5536 9749 2456 4145
 36 5881 2690 1963 3940 8761 8272 1004 6041 1875 7793 5040 624 2636 1307 740 9113 22 2084 7076 9431 7786 6525 7400 3506 8531 9096 5755 9178 8716 9048 60 9025 3679 9558 5390 5571
 22 3708 9478 2443 4970 5093 3553 8438 7875 4076 5963 9664 1155 7480 3890 4967 1969 4383 2698 2289 8654 5682 7115
 17 4873 4109 2717 9357 4685 5026 4988 1905 8616 2684 3088 8056 4257 9494 3838 7375 4120
 19 1228 6884 2261 1222 8194 9923 9408 8237 9810 67 8749 2139 9163 9292 9978 4469 8380 2449 343
 43 2166 5990 9602 6473 3972 3414 66 5724 9737 6407 7037 4147 5684 2907 8444 6389 2 9103 5391 5929 1387 4809 4218 414 4152 7917 7982 8215 6510 1007 2085 2226 4465 8625 5432 6417 3322 7705 3950 8648 4962 4320 6479
 23 9187 864 4246 9712 5853 2640 7984 7516 8987 5907 1176 6140 2309 8431 8004 6970 8817 9185 3841 6803 7385 8596 1718
 29 8564 6360 266 4615 1762 1613 9381 523 9230 8688 9072 9205 7510 9092 6264 6332 9017 2728 5128 2868 5706 3764 6568 5916 5414 5961 5013 3766 1022
 14 554 8209 6053 9927 3642 5121 5141 6614 8369 18 9507 4203 1677 5720
 28 6900 8586 640 8681 8273 9539 40 2412 5444 7402 5355 2222 1174 7828 9279 7181 6826 1798 9854 6482 2827 7951 4157 1377 9936 6559 3723 5586
 39 1332 6922 164 9018 9537 9265 5844 382 6757 4654 1255 6726 1781 9136 5587 8997 4265 2414 8165 9318 4974 5850 1164 4936 7056 5270 1107 1462 9066 3600 9814 869 1665 6207 0 7228 9215 5020 8850
 12 7227 4524 6011 2734 4231 1813 4918 234 6266 1226 3562 247
 18 6780 9011 364 8027 6827 5035 7420 5759 2701 5826 8340 5752 3964 5252 8508 7524 2880 9545
 31 3655 7546 442 8868 9345 7246 1487 9928 4857 3790 9379 8598 3498 5909 5464 9083 7106 1989 2739 5570 1548 2510 2801 9088 8894 5960 1279 438 5202 7831 398
 20 9626 3104 3092 2780 7277 1601 2653 8176 1968 2969 3394 4068 6751 1071 1590 7148 8545 4997 4471 9472
 18 8698 5710 7430 5757 2470 921 9195 7048 1008 7749 3673 7949 7262 2959 4646 7577 3134 5790
 31 5343 2711 57 9769 6523 8368 92 5437 7457 3986 7764 7415 8819 4642 9785 3115 8986 9278 4620 4237 619 6478 253 9969 8318 4362 1413 7514 7473 9465 3207
 17 8086 7346 4871 733 2148 9651 1836 8357 3342 4500 3151 167 653 1760 4253 4321 1210
 14 2324 9459 9170 9308 4812 6592 7074 9648 2815 5435 9196 8490 9560 5108
 23 3697 4084 6771 6066 9731 4588 6375 3353 6736 2283 7031 8944 4381 8663 9057 6933 1802 3797 6317 7818 7586 9990 9776
 31 6913 4658 91 4798 1523 9054 1179 6885 6211 7389 1946 7620 7090 90 4730 8107 3242 9899 4082 6988 4448 8977 7225 764 1127 4994 2318 5198 7880 3238 6518
 27 3168 8346 7567 9135 233 4209 366 2364 322 8729 125 6286 8946 3136 3538 6660 2380 8660 532 1028 2716 5345 3095 1327 8939 3218 4348
 25 6843 7585 2518 4520 1104 8549 4912 1920 7417 1666 5687 968 7973 6230 8365 6524 3243 1793 8467 9340 2836 2252 3853 8211 6127
 34 7188 8274 3795 9429 1480 352 9160 3874 8481 5768 8108 2710 6983 5249 4712 5747 5257 798 7622 1321 7517 5938 312 1153 7491 3348 6890 6817 2877 5922 2806 2821 1254 7111
 33 6794 5112 8614 6048 9033 8597 7466 7769 2769 9038 8807 4777 1047 1882 261 6008 7331 5217 1782 7584 6225 6054 2257 9531 5109 3023 4239 9750 4342 8733 3479 460 3861
 22 4877 1372 8848 248 9654 354 775 3531 3203 9248 9687 7490 280 3561 8988 8460 8745 7781 7588 6778 5968 2408
 27 6139 4624 802 9118 5428 7534 6182 9165 8938 3735 3421 1960 5901 4125 129 5389 6891 2159 8779 1622 5675 3521 9914 8238 5230 1705 8543
 23 1407 9559 498 1913 6589 8782 659 9089 2374 819 857 9006 9843 4365 5694 916 8009 7538 3980 2430 5407 8122 5173
 21 477 4537 2605 8059 9410 3326 5764 2220 5021 3499 6181 490 4688 495 4359 6382 7760 5207 3185 2840 5697
 17 696 5034 6409 9180 2480 2585 8151 553 3099 3867 3909 8533 6680 9659 2373 1339 4752
 28 8213 5332 2885 3300 1296 8432 4000 2285 5796 6812 5103 8002 3385 1397 6109 3728 7431 2392 3837 9942 1129 8666 955 7673 7215 840 9304 3569
 17 8787 5285 2399 8155 7411 189 6134 7414 1695 6442 8161 8927 1049 6497 9365 3131 5886
 37 7709 8991 9171 1553 9570 8413 230 4714 2246 7231 3772 5042 2218 4219 6423 4232 6629 6995 1078 2936 7969 1606 9688 609 8196 5194 5126 8633 373 5467 7954 8899 4545 1202 2421 6676 7766
 13 5858 2426 9412 7779 3946 4190 3016 2892 8336 8003 1780 334 8727
 13 3647 7615 5638 571 5965 2372 73 440 6701 9676 4324 3931 796
 10 1447 6765 284 2937 3778 9475 9101 1785 6861 978
 37 8630 7086 3108 9819 1365 572 992 7386 7135 6904 4347 6301 3845 5155 4038 8903 4647 771 914 8258 8317 8720 5496 8757 9076 5736 1205 8913 8765 7452 5871 2550 9493 491 1148 3400 3021
 31 7849 4833 9830 135 6352 2000 1046 6026 826 8667 546 3675 5465 7724 576 3450 4378 11 4033 589 2461 6617 293 7999 3919 9442 3391 5975 2529 9317 616
 13 2589 5991 1668 1270 5297 3464 8142 8797 8282 4540 7001 638 1134
 26 3294 1177 9640 5815 6643 9159 1325 3623 8316 4559 6806 6281 7125 1834 5052 9480 9080 217 2004 4619 8427 1237 6337 2974 8422 5977
 41 7318 2422 513 212 3199 7554 7434 7698 5187 4485 2404 4331 5702 3133 8339 5462 8550 8293 1840 282 4235 7130 8049 7741 3628 8704 5789 451 2018 337 681 5392 2092 3733 9414 4283 427 6005 4242 6853 7731
 31 5402 457 6498 5830 5584 2368 560 7169 4594 2272 2513 6184 2546 5172 4903 2943 4004 3788 7854 6667 2820 717 5229 5671 861 4412 2970 2689 5368 9834 4042
 20 8965 8799 7327 4478 3639 8496 7443 5115 6646 6632 1858 7639 573 5974 7348 4458 8195 9486 8538 7017
 18 2296 271 3910 4502 7710 7847 9981 9070 7066 4828 1376 9415 2604 4399 9781 56 1204 6170
 16 7716 6205 1659 6408 6792 4037 2503 3280 8223 6534 8371 4479 1958 8453 4350 2597
 31 4475 9495 9487 1430 2954 4130 2612 7680 412 8624 3992 7462 9460 2861 6996 1824 2274 4122 3916 1765 9756 7426 4864 3040 6616 5814 4813 8879 9387 910 8147
 37 5227 4867 5650 3701 3169 691 7081 8075 3710 8150 5094 5486 83 2526 6926 9671 3011 7860 4464 3399 7735 4874 1749 1119 3419 743 4427 5153 4576 7774 1987 6183 4780 6334 669 5819 295
 37 9820 8447 8747 2551 7209 6672 4834 9741 7488 6681 8721 8826 2051 6730 639 3182 2506 1649 5943 7461 7551 6697 654 8697 4370 162 3634 4148 2427 4275 2902 7694 221 9792 9123 3620 6494
 27 7088 9657 7034 422 3082 6172 2884 5514 1166 7383 7046 803 972 8651 6555 3412 829 6937 5574 3440 6010 5177 9999 2251 3042 2134 4319
 30 2313 9246 9306 935 6261 6336 1436 4274 2115 3465 7659 862 4916 2390 6047 5502 4429 9091 1026 9683 8738 9423 9386 1554 8522 548 6690 2069 1360 7621
 27 8557 4575 9385 7690 6274 2979 64 8243 4838 678 2420 5905 954 346 3810 5403 7126 8235 8702 2853 4691 3576 5735 9637 1472 2243 6453
 36 1227 9685 5182 5107 2119 8118 252 6374 2810 711 130 1981 7205 4272 9022 5364 6116 9816 7653 9400 1469 7371 735 4039 2038 3355 87 5842 3020 6508 6195 7676 7611 8 1758 9635
 35 6662 2056 5892 4101 9134 3530 7817 3079 3547 6619 6578 9554 6204 28 676 7723 7032 5255 2672 2295 5327 8305 3467 5795 1807 8497 9373 4504 5459 3727 6598 3349 4079 3378 3850
 14 7687 9087 5006 168 8915 7226 8085 1686 2053 7681 7281 5471 325 7093
 24 1113 699 533 1997 657 5238 2240 8694 147 5915 2065 4866 1428 8904 6203 6678 5472 4420 7105 7946 1060 3422 8897 5398
 8 5218 245 306 5505 1334 5096 9336 2448
 24 8189 8203 2167 8768 9763 4263 7504 6314 5645 9312 1017 3711 5774 2743 5555 1356 4995 3140 1295 831 3780 6210 1547 5370
 25 1724 3572 5049 2235 5375 1369 85 2613 1422 3685 6716 1947 2174 7592 387 9667 2835 3767 7909 4923 9266 5296 1425 980 6271
 37 8587 206 4250 4376 6538 8367 7933 2330 886 821 9652 2842 3496 9167 6201 695 5262 6772 4135 958 9727 1340 5851 6174 6636 2688 4201 903 5321 8408 3899 2629 8866 810 9552 7834 7527
 20 3333 9452 1090 3017 1102 3338 6247 8324 9228 2234 4892 9157 320 9407 9941 1402 1604 2445 6477 4592
 13 6912 6544 2956 1258 4671 2855 7597 1014 7154 770 9831 9918 7441
 41 394 8566 4164 4003 6398 1239 8882 9604 3694 9264 10 6462 5314 6312 4893 6692 744 3241 7024 6855 2700 9295 8845 116 7945 1894 7835 1971 6992 3273 1044 9339 4563 2490 9067 8636 2940 2516 430 722 3514
 30 8783 9144 7152 4555 5045 6587 6333 3751 9644 3846 1681 1395 4898 7094 8811 1796 2563 8200 723 2282 8966 1032 3558 7053 3033 7427 480 7885 5563 8594
 23 3236 9503 1995 1843 1977 830 9419 9177 2790 9075 6910 2875 9980 9701 6103 6437 8627 174 3684 51 8929 6959 4241
 13 3527 2495 98 5503 9392 1346 1745 5014 8026 1639 9208 9287 8947
 8 2297 1820 2950 6590 9958 8402 6311 6111
 20 9046 8823 4409 7284 9141 8068 6813 7124 9039 8469 8394 2239 226 7970 9535 3206 788 1225 6018 8069
 38 8149 6740 1326 5620 6969 8665 9262 4966 3122 2107 4114 4282 65 1012 3039 9152 7570 537 3406 1932 5396 1740 7921 9437 2459 3517 6553 367 8611 8240 2194 3745 2593 8249 9850 4018 8862 5723
 30 3918 2520 6669 1218 172 3057 907 5409 74 4236 777 6898 3556 7394 4264 2437 4950 6600 851 1766 5056 5272 5354 1954 5928 3441 4077 9120 3712 1439
 42 1492 7116 209 2338 2787 1324 1644 5009 1220 6925 163 1368 9734 216 1383 4290 8129 4468 2789 2524 8234 6938 4678 6720 9047 9713 9197 2726 4551 3814 4230 4908 7083 9773 3041 4735 4996 1473 4197 3172 4641 1304
 26 5027 1593 5890 6327 8348 9576 4384 4776 7829 138 7483 7809 3299 2484 2579 9399 5231 54 2481 5669 6032 9555 844 5817 2019 9380
 38 7140 4848 3073 977 3445 6034 6871 8378 397 7562 3752 7422 7654 7384 6397 3222 1772 4789 214 2462 7500 94 1131 5987 5038 8409 2302 4574 4132 1367 6390 1599 5159 6051 1093 8612 4013 136
 11 6189 6003 2140 7684 4523 6001 5053 1099 9719 7376 5672
 20 9733 4200 4011 7755 8896 7247 5648 878 904 4116 781 6092 4672 2779 2962 8441 9787 8070 7151 4160
 33 3049 9316 448 975 69 6710 9179 3513 1660 4433 2547 8511 3077 3689 8476 905 1025 7295 2158 8600 885 4229 6731 8891 7369 1120 1497 1141 7943 6433 8808 7601 5504
 36 1838 7210 7557 6413 1777 3616 475 3818 7633 4353 5074 8103 7149 5041 5473 7599 1042 9716 4136 9162 4902 2911 3777 5921 7728 3320 2496 7023 4110 3581 8514 5641 9184 8910 9614 8377
 17 666 6359 9139 2945 5072 2978 1519 9867 970 8061 2099 9662 7603 5942 9129 6073 8375
 43 3546 9267 3947 3566 4028 881 3721 1294 2527 3290 115 369 5835 8312 7609 6253 2504 928 6920 7021 6874 5233 2721 6061 6763 1889 6709 1623 8885 9605 1578 4917 6388 4361 9413 1928 7833 246 4516 2985 6991 9277 3929
 39 7064 825 4665 9680 6615 3502 8042 2180 5766 4503 8984 9837 6379 342 9001 6581 8136 1741 386 3262 7886 3878 2336 1775 9119 3059 4954 706 9352 62 5531 4774 2070 8036 3275 8507 7722 5458 6467
 7 6656 874 3114 5371 7547 5059 8941
 18 1194 4387 225 2797 8780 9019 1914 2003 8844 5132 8461 2146 5236 8144 8861 3718 6152 1929
 12 7435 9586 1518 3047 751 6989 7068 4398 7613 8359 1546 9281
 15 5971 2626 718 5477 3366 6422 4327 4989 2565 3173 402 2713 7587 6527 8517
 16 2603 7804 4515 335 9455 3706 3034 4146 9715 8762 3175 1231 3995 5147 8119 5174
 32 3540 9920 47 5662 7477 7316 7103 1589 7167 8746 8126 2417 8646 7560 5537 2947 5575 2269 7652 1520 486 3056 5246 2165 3265 4463 2594 6717 5596 926 2280 1653
 23 1883 277 4980 9613 1201 1319 9826 8569 8248 7160 687 4155 7892 4527 2761 6878 5145 4005 7268 5846 8152 8404 4553
 26 3245 7028 5393 3510 6742 4764 6380 2355 9655 4924 6674 1891 4340 9043 8591 7939 1450 8247 262 6131 8006 3920 8436 4736 4795 7252
 23 1414 9631 7579 6196 2314 1282 2023 5301 9436 194 2614 3141 8524 1538 2294 9866 6545 9591 9211 4849 5542 4949 794
 22 6529 1142 6069 1685 8034 6584 6251 120 5123 2393 8830 4111 3999 4443 8906 7286 8361 9740 9668 8091 7733 6748
 36 3249 8323 9636 1959 6563 2857 7309 7576 9912 9516 1257 4784 5386 8534 6866 4487 279 7819 6105 6142 1566 7536 1672 2662 6704 5119 3852 8230 5328 6291 5431 1064 13 9669 2922 1343
 22 8302 627 7975 2663 3775 7643 2388 2893 3782 9000 793 5692 3536 5532 866 5911 1342 7340 1235 7871 180 6917
 23 8290 3138 3426 2916 9538 2385 6630 7216 1048 6808 8109 9800 2722 6363 4043 9376 9848 8599 1357 25 8753 2177 131
 40 567 6804 5756 1873 8772 5433 1902 1537 461 8266 1872 6120 4358 8926 4486 9247 8590 6146 356 7353 1444 3389 5827 9009 287 6972 6949 3794 3301 6166 6028 7059 7283 3310 602 2423 8078 9827 1003 9906
 9 6502 2915 1223 4613 102 1459 1595 1855 6093
 24 7156 945 2642 6200 7465 3783 3468 9645 249 4853 5708 1791 9987 6708 3661 434 5981 3150 7521 9868 8579 6212 4909 2586
 22 4208 3976 1206 3373 8976 613 6234 7192 1371 6509 2494 3483 1298 941 8233 3820 9924 5114 7992 9404 835 1559
 27 7455 9627 6255 4299 1835 708 3124 97 4227 1896 30 5188 6064 7142 561 5582 9879 1720 1850 2634 5979 7317 4723 1288 4393 8120 626
 16 190 7638 3317 326 1550 5511 2660 6385 3876 8685 4726 8454 8411 3304 82 7467
 37 7198 2357 8803 6021 6009 5031 1117 8843 8952 2931 8212 4009 9542 9355 6540 4259 4801 3955 8135 888 2988 9050 4952 1829 4216 6040 4193 4922 6501 145 8341 4310 3903 1826 3347 465 2508
 40 2424 3989 4794 615 2999 3802 3190 300 5087 8014 1016 1612 7363 8261 6043 9697 964 7365 5956 4745 5611 7852 1361 4238 1811 2471 4182 4142 3179 860 1759 4431 2624 7955 2361 6496 1408 7391 8519 144
 27 1605 8715 6307 9105 6316 2997 4862 853 9975 23 2765 8478 1183 4222 7550 8065 8465 9174 5178 407 5283 4392 1726 31 7183 4606 8556
 34 4536 9191 6155 2537 3036 6966 2041 3732 5124 5951 6319 8620 1292 1061 242 1124 2466 1505 9672 4755 3515 5461 4934 4313 9875 7055 7158 9568 756 2683 6384 540 3543 6750
 33 3276 9595 3557 5156 5263 9158 2984 4400 4477 7812 4689 7918 3967 8872 2960 3568 5655 8676 3917 7930 6561 6980 3164 9582 5200 785 6899 9601 6594 108 1312 3586 9117
 17 7186 7575 3474 5288 114 6531 1574 7290 6440 2888 5839 637 9461 1290 1306 4716 3313
 14 3409 4706 7357 7867 9925 929 9244 2389 1763 3888 7695 6894 5573 7002
 22 8262 8040 9349 1561 8284 3489 3130 6020 6948 7418 1446 8778 2010 45 4513 9093 9173 919 4402 7478 8994 5939
 36 6654 4815 6029 3680 9681 8167 7364 6597 2075 6677 9328 501 6713 1980 6820 689 6542 9547 4890 6655 9275 4804 8920 6802 6169 4748 1056 8679 3324 2574 5949 1728 1180 6782 316 6364
 22 1637 8629 5017 9289 3936 3606 1151 2416 570 8084 6624 4480 8124 38 2725 5095 4364 5342 447 6585 590 2130
 28 9935 9691 3833 9634 8035 6399 6313 46 6805 1768 1620 2648 9882 2607 5794 6290 1027 4526 7523 2266 9873 7251 9609 2145 9764 2032 1701 3289
 32 1170 5996 439 9042 2352 1331 1511 7503 8945 1787 9720 8928 8911 692 8917 863 3395 2903 3074 4900 5468 5946 2692 8577 4303 7606 6118 6461 8735 86 2540 5273
 31 1512 6747 2904 6818 8785 7425 3062 514 8686 7873 3851 9694 9508 7627 9378 889 2762 6816 9739 8539 6130 528 9111 3659 8286 7258 5863 4118 8457 1126 2709
 5 8227 569 7813 7565 9916
 35 817 4428 1955 2216 3739 4366 2270 244 6367 7080 1715 6839 3292 3877 7626 515 9237 7292 7753 9865 7598 1457 8632 1108 4766 834 2879 8572 7953 8606 5047 5545 5923 8618 2276
 42 8029 1994 4035 8353 7448 4593 3524 8869 8864 6067 1692 202 9908 8814 6038 8343 1058 5167 2358 786 2522 5383 3707 309 2619 6256 4719 3884 2066 362 7358 6934 479 5251 2161 2521 7991 4220 5434 7166 3611 4177
 37 8484 6004 2566 2635 767 2360 799 542 8099 8801 6036 8218 8650 9337 6609 9821 809 1486 5349 3061 4681 1449 5195 2816 2124 5206 6964 4095 36 1849 9808 8130 383 9383 9097 9673 2813
 22 7810 1635 9795 1106 8112 3784 7043 8809 6476 7569 5709 4087 1389 3127 8031 592 8961 7520 7265 3413 8824 5606
 36 3005 9382 2333 4403 6089 2126 2187 5861 1700 649 4105 7894 6443 8767 4248 6888 7403 6574 512 801 6504 5754 347 9892 3118 8356 1754 5800 7485 2946 3287 901 690 9818 4332 2818
 13 7114 8739 5205 956 4602 8188 1256 9186 9917 632 1385 7655 1805
 12 7108 7479 8788 8314 3089 4598 9745 2707 5079 6468 9359 8022
 34 8158 8459 4154 4703 3319 5642 2110 4858 8214 2760 5076 5372 6699 2933 1317 1753 3763 4323 7556 1770 4100 4001 2030 7294 7360 3144 1238 9161 2744 8837 8269 5935 6368 3870
 33 3596 9974 3188 5621 4405 4410 8128 4806 127 1152 2556 872 2694 450 7720 7543 7608 5605 1950 2071 4581 8985 9921 5691 1437 9391 4413 9585 488 2287 790 7131 8740
 39 9405 4196 199 5957 6764 8609 6062 9062 5100 636 4113 550 959 8017 9479 8935 3027 3894 6939 5259 1714 1035 260 9708 5326 5738 668 1621 604 9883 8900 2050 7526 9660 9451 1698 4267 1115 5046
 33 2738 3490 3921 9511 1352 7730 1168 5250 9789 8326 8741 1416 3470 5734 3416 4407 1999 5739 7313 8828 7675 884 4501 8914 505 336 5378 8474 1484 2014 4390 2219 807
 11 7325 1163 642 2446 4391 7469 5248 6693 4 3480 7700
 23 8711 584 2596 4093 4460 6945 441 3337 3091 7302 6315 6371 9728 2638 8658 3189 9203 5749 3003 5239 9711 7356 5125
 32 7293 2512 8979 9806 3875 7382 7162 2673 674 6579 9482 1392 7296 3761 5658 8540 6810 4591 3053 1229 9055 2236 7128 9261 7644 9125 3094 2249 5423 1059 7432 4951
 25 6404 9851 9965 5887 2212 2206 539 1727 1351 2214 7280 850 4373 3662 8392 1821 191 2704 3978 4968 7869 9454 6273 4883 3994
 29 2233 8699 6741 4228 846 32 6076 7856 6962 7679 2910 582 3550 4212 257 4663 2365 3590 471 340 5546 8604 4797 4462 1374 6343 4418 2185 6060
 11 3358 153 9041 345 1848 4808 1658 2598 3111 6595 3032
 19 7711 5120 417 7668 7912 5170 458 8895 7194 2179 1861 946 5999 6444 1767 732 6862 9824 8396
 11 7864 2782 482 7097 9527 4063 177 7697 5903 4354 1823
 36 9166 9768 4910 5955 4639 7191 7315 3155 2693 5064 5105 808 1748 5340 2715 3699 3595 3065 5600 7326 510 8250 7098 9293 1769 9966 1092 2489 9453 2258 4287 2823 1825 1149 1751 2312
 14 8489 6756 3991 8133 5344 9346 8074 3526 5947 6516 5197 6586 1545 3346
 17 6485 7020 3866 5539 6402 6652 5241 7636 1721 1880 4215 4315 5395 6294 9940 2090 5543
 28 7612 902 730 1986 6141 5228 4713 7118 7143 1248 6642 4357 1041 2631 9880 7507 6083 7405 9049 3125 8501 3250 5311 4649 4451 3860 2983 7173
 32 3826 8792 2523 3334 8574 1175 8412 2661 8800 8542 7197 6114 8491 4718 9110 6102 2204 5548 1945 3481 1996 7738 2533 8322 9891 6108 7739 148 3128 1287 1633 3069
 20 5615 1489 7102 1755 2919 1862 1297 3843 6238 8390 7780 3309 879 4181 5337 9567 9390 845 3690 2544
 39 3575 7648 1233 6430 8831 7595 3418 5803 1859 4623 6930 8125 2125 680 8492 3139 2325 4454 5577 738 4395 7995 7942 6145 2403 158 6144 7625 9115 9885 5740 6725 1366 390 8321 349 2211 1865 3110
 38 1609 6125 989 4245 7732 8030 9809 9822 7361 6684 9724 9968 9994 9397 1842 4543 1597 4173 8283 6811 7661 9788 5164 205 478 4603 3806 2800 5707 1571 6017 4589 1398 1077 5753 1341 9717 6458
 29 7398 7248 8434 9562 665 6438 1496 3205 4756 3622 5356 1393 8111 3893 2334 7923 5430 5633 8202 358 1895 504 7981 1161 289 1812 5443 1722 3528
 29 1384 8440 1904 1465 5043 2706 2753 6248 8953 7805 1539 8562 5864 1448 3959 776 3154 3404 1236 8775 6459 9224 5729 5367 487 4571 3523 7678 2049
 25 8932 1251 1804 4048 1259 8400 6712 5715 7807 6486 305 4097 6372 4191 2752 5945 496 7667 6500 3937 269 7170 7324 9997 3638
 11 6745 8071 6974 6328 229 652 8942 650 5024 7600 8043
 28 3147 2377 8437 6326 8166 9902 9862 9435 3926 2447 4932 80 1265 6037 1400 9108 2890 1156 603 9343 5469 3633 6107 8156 7996 6944 8308 2664
 10 6849 3160 1674 7000 1260 4411 4221 4234 5985 7303
 15 5387 7196 4541 9624 4302 6345 779 2599 2205 4251 6565 4925 9853 2265 424
 41 9347 8435 9109 4482 9341 6967 1453 5632 1643 5933 1264 4085 5140 2078 7077 7220 7529 4388 5061 433 5512 812 3214 5339 6464 9235 521 2860 9253 765 3653 4151 6954 7776 9746 5399 7395 8320 2253 1642 2238
 34 9649 3024 2382 782 4297 1647 6537 3194 3785 7014 4937 8105 5139 2595 5597 5689 4978 9269 7966 9801 2772 7571 6869 1856 7910 9726 988 2792 6489 8834 7350 8641 1841 9829
 25 1784 4414 5698 3200 3906 4749 1081 2515 7122 3316 9448 2419 2469 7919 1691 5266 3084 9840 5276 7696 5130 5003 2337 8552 3386
 34 19 7129 2742 2967 8973 4344 9952 9964 979 2121 1466 2383 4625 2345 8304 8387 7800 9416 7932 160 3485 8287 2195 1157 1039 2775 3744 4083 7051 2671 4741 3229 675 3097
 28 5727 5721 8146 6480 39 2160 388 4773 2086 7866 3454 4204 1592 7288 887 3101 5763 9456 8362 4835 591 6554 7033 6867 7845 5030 4288 1114
 16 109 1221 7174 6739 6133 2304 1412 934 6566 281 8918 7147 7820 6330 5281 9714
 37 6150 9463 7451 4153 3594 6648 4872 993 8505 7501 9950 1348 8691 9420 4550 2332 1876 9767 4660 6522 5098 72 6308 4521 2215 4360 7240 6351 5680 5918 4599 725 299 8867 1052 3591 7410
 9 658 1100 7347 8610 3962 2017 859 3560 5891
 31 789 4583 6455 9579 2077 7941 7275 7931 3509 2829 6138 1037 8672 2012 6791 3223 4385 5319 9094 8012 9426 6097 9280 314 4861 7035 7436 2224 4568 2864 9329
 30 3640 7553 7117 3541 3632 3433 8379 396 6793 8366 4096 4106 614 7100 8993 4626 7646 2545 7072 6588 4252 7333 9807 6303 5010 5066 1915 6099 1445 5578
 32 3148 4170 601 9947 3789 9617 5050 2394 7778 3429 2072 7564 9324 5208 9778 2859 112 5908 3508 3359 3161 8439 8117 4304 3456 1426 6640 6300 5429 4976 431 3880
 34 7891 9852 5540 9926 5054 507 3054 6280 3227 254 4921 5373 2319 6415 6833 7635 7016 186 3503 4850 2991 8732 124 2101 4192 411 3604 2564 308 1482 2103 8278 2677 8582
 9 6329 9845 9078 8419 8796 5091 416 2908 89
 29 3579 1564 3938 6729 4587 8955 7916 5366 4879 1429 52 9192 4014 3282 3573 5117 453 3824 8592 6302 899 5845 5599 667 4554 4295 2839 4955 2117
 45 7993 8736 7846 3329 2957 6450 5303 3970 2128 3393 7134 843 8257 6197 5792 7573 2082 8134 8516 575 399 2116 4992 8833 333 9175 875 7583 9425 6219 2555 7590 4960 7212 6841 9285 2342 5884 1172 8479 307 2098 7801 6665 6016
 17 8024 2123 5282 6474 5453 8719 6799 5530 3801 2255 7841 8276 6621 5148 8429 9915 4891
 32 4260 2230 854 4807 3191 2639 7494 5601 6719 2275 5847 883 5221 355 5256 4394 7006 5804 688 1499 4067 6608 4621 4461 1618 3246 7656 9059 8405 7157 8256 6834
 30 9864 9182 7940 4159 6218 890 4012 9998 5583 3714 6897 456 2396 4578 5419 8170 1375 6666 9587 2674 3297 6071 4928 1112 9154 2843 5855 7537 8001 3619
 30 7471 4404 9002 607 2105 1101 4895 1531 4470 1424 7368 2151 3447 4993 8855 363 1965 7408 3956 3350 1379 1881 5869 7044 5011 3014 12 9993 4057 4124
 11 2942 3202 9122 6335 9007 7184 371 7409 9311 3643 2208
 18 1651 5732 908 8804 8051 7474 4104 4667 6231 6602 8199 4217 1786 2279 470 7419 8330 7714
 39 5875 3066 9549 511 3565 7682 4595 8970 1193 9074 2141 9300 8225 8383 9919 2850 1029 4985 2756 5561 3756 6324 1068 6072 7752 4650 4708 5820 9081 2202 5325 9040 9005 6788 8877 2300 3500 9937 9573
 39 4693 2335 8338 4782 7685 3879 6580 7816 9846 7907 4449 5610 4224 3007 2037 4266 1688 5143 924 8649 9955 2087 3551 9629 5728 8526 5696 4847 7060 6395 6797 891 8364 9439 9642 8398 2554 6546 1318
 36 7287 1588 1276 1508 8421 2291 3609 6283 5564 5481 9623 6848 1871 4121 2344 9682 1145 877 8381 9957 5490 1717 8349 9695 7241 5775 4298 9016 1708 8908 2301 8589 2157 7906 749 8350
 19 3197 1630 4467 8500 1516 149 9489 8812 4548 1483 7660 5932 9260 4728 8313 579 8622 5637 4790
 30 8020 6752 9705 3453 8546 5962 5567 8182 5176 9240 7791 2535 4075 5166 6129 227 1329 7893 2616 8041 1347 4010 5894 2307 188 1731 1087 2286 3259 6260
 16 8425 8277 5983 4565 1577 4814 3037 4474 944 9596 3792 2170 6151 4127 4281 7223
 17 7230 9744 7572 1667 4585 9546 3669 2866 9023 6276 2858 2387 6887 3363 8859 3367 9430
 43 1024 2539 2934 4123 2771 2406 2343 7513 2292 5770 8160 6596 8401 3425 5630 7341 3121 8334 6830 5862 5220 1171 4289 5007 4870 6030 9621 3943 2569 8752 5609 1021 8456 5410 4700 4269 6845 7297 4149 7069 2457 4506 8690
 23 2536 5377 5516 7172 2207 380 3770 4969 1979 3157 5380 9779 8067 4138 9856 1739 9301 4054 1641 8717 7042 7758 2203
 17 1013 200 3603 6567 1349 3829 4249 5033 7872 5700 484 8793 5313 9877 3484 4438 6753
 35 5572 4935 5686 506 2817 6297 5001 4677 3432 4675 4453 2561 151 9029 3973 9774 9674 9510 8016 4175 9501 6295 6284 44 4999 5776 644 6411 4337 3637 3676 9656 6979 7702 998
 34 9090 3083 1910 1509 9027 2989 9370 4072 2281 3645 3137 7788 4810 5520 4345 8015 8498 8528 2454 179 6668 7332 3268 4670 8267 8386 8352 7905 6348 1095 8959 7896 7123 5646
 31 726 3779 9815 6749 7232 4786 7745 1299 6571 6908 4442 4198 8813 1567 6117 2587 4333 647 4492 564 8537 7589 6355 5788 9008 1893 5322 9793 6242 8718 3478
 37 5358 842 3354 7085 241 6639 9481 5008 3247 2630 4293 2874 3534 7266 2137 9114 4825 3201 1690 1926 9704 5639 2263 2350 3519 2493 3998 4680 8759 9599 1280 5927 5075 2460 7664 2628 5254
 34 4781 7379 7665 3811 2040 1924 1123 9783 8169 5925 999 6539 996 1535 6990 7175 2971 2371 1036 1916 6918 7895 5745 712 1940 3486 6700 4189 3533 9608 4305 6533 1261 2509
 20 1803 6593 243 3979 6469 3704 5840 4023 6428 1542 8934 2588 1801 5812 4769 9024 3390 8424 3120 8054
 14 5237 1054 2570 2033 1143 2438 5506 4517 6077 7439 2487 7185 3944 4417
 8 7948 2699 562 1952 5204 2411 9860 939
 37 1438 8548 3263 3022 6903 3493 4099 403 5452 5062 897 947 1320 338 1310 9548 9348 4025 7107 6860 2871 5181 2895 9034 838 2201 7038 3678 9417 2870 8707 5731 662 2152 3335 6507 8710
 37 6135 6202 497 5917 8937 9858 2362 3646 1391 5608 2468 4608 171 6483 1502 9870 2256 5524 8887 27 1370 6787 1405 2483 3768 620 3954 5015 4859 9243 429 2865 3983 3863 9811 9700 9334
 26 5808 2436 7082 1121 5663 5913 7344 5310 5879 4314 6306 7164 9299 2089 670 6292 918 2837 1870 1034 6552 6431 682 3827 5485 3737
 18 4546 2198 4830 2686 9202 9044 6622 5681 6376 8584 220 6309 3713 1616 2575 2647 9528 1344
 25 9473 6239 2783 8595 4792 3657 6426 6909 7542 2737 3163 8692 5904 9886 2567 50 8971 2405 3018 577 3001 2617 5110 7482 3093
 5 6123 8967 3927 2488 9520
 19 7180 2511 9030 7934 7683 2952 8854 1587 1281 3315 454 1211 4552 7903 1431 6515 2499 1284 8131
 31 9402 8536 4064 4020 1797 3537 4930 4045 2108 5967 9632 2439 6378 1420 714 4851 2109 5102 8115 1116 3397 3774 8829 3198 7378 5190 4306 5549 593 1070 1018
 19 3651 8351 1863 1232 1415 6279 1246 8475 3563 8561 8455 8999 7437 5131 2767 5362 3255 6257 3588
 26 3608 5910 256 238 7914 9748 1533 4560 841 8776 7238 9802 4015 6259 2379 7947 5129 2746 1645 6136 7052 9971 1581 1652 6819 2618
 25 1406 2649 3966 330 8298 81 2602 6237 3895 196 1199 7594 3070 1921 7750 594 1275 3939 3010 5513 597 5055 1951 3107 5501
 24 7889 8328 6842 3215 2482 4034 7808 6659 4775 3584 3765 2021 8007 2375 8140 5780 5898 4129 3819 2321 8701 6052 2964 9476
 15 3257 6199 4635 3129 6856 4481 7211 7840 348 646 9249 7757 3060 773 5821
