 28 9475 405 3533 4279 1421 167 6710 7338 9885 5547 7377 3923 2082 4918 7953 4843 7975 6381 6605 7451 1202 9903 1538 6431 4360 9423 6029 6135
 33 7277 5967 8733 4400 4393 6105 841 9442 9921 4293 8191 2153 4696 8605 4132 2500 99 4080 9674 9653 6734 591 7945 4859 9369 9680 5819 2514 7930 6762 8360 5044 2611
 30 9392 6557 5846 7636 4249 8937 6622 8649 3341 1897 3648 525 7188 9906 7308 2165 3786 6106 5199 6315 1584 5986 1273 5814 8160 8777 9563 2123 4345 2565
 27 45 5535 810 4573 930 7489 9798 1120 1228 9228 1892 264 7564 3571 8156 9085 4499 9226 7786 1072 9623 5575 9253 4913 3645 6332 7049
 30 156 9031 9460 6509 9606 8418 171 9242 3651 4874 6300 5490 7531 3795 9464 9177 2290 2447 4359 7571 9722 9108 6139 6040 5882 6013 3421 9767 3554 531
 29 2995 8432 6214 4099 9219 9095 9640 952 53 2346 7513 7317 2909 7802 642 7429 6137 6414 6895 7159 2043 3046 4911 1157 6239 1333 5551 7887 2103
 29 3187 816 68 1407 7742 1462 813 9864 9172 431 991 2924 6145 5106 8938 9118 6253 1963 8942 64 7889 9195 1970 4073 9536 735 7731 7850 3748
 28 3216 9104 8977 6416 9891 4650 4824 4636 2301 8488 243 6538 8700 6233 7334 6581 9411 5075 492 1047 2592 136 6694 6339 2275 6303 7424 7348
 30 4052 352 9635 7695 3659 1809 9899 6000 4408 630 6919 9889 4822 7076 855 4669 8597 8498 1848 7425 7027 3900 5414 4790 730 41 6397 2879 3876 5690
 25 4935 7337 8080 9129 5368 3513 739 3167 1555 1419 4100 4425 4417 2125 7795 4740 444 3089 7506 1827 6076 7396 3664 3913 9600
 29 8598 9591 667 961 2167 3528 1603 974 7812 8222 7432 5847 918 7615 9525 1858 2271 3394 8340 4558 2199 4296 9978 8672 4042 2703 8070 6173 4329
 28 681 8927 9304 7985 9915 7110 1306 8974 8593 1215 3670 8892 5854 3759 3437 3576 8041 7285 2831 4007 3221 2732 9805 6447 5398 6667 3328 5007
 25 4189 4246 288 7244 9907 4104 9585 8627 313 1092 4658 7025 2817 1552 4213 3067 8414 7943 6373 2160 6248 3909 7166 5361 5674
 28 102 1956 487 7798 3118 343 365 5512 3185 3487 5329 1867 1747 6665 9707 8401 478 1563 2997 1901 176 1357 2932 7139 3111 9916 4585 2791
 34 6428 3025 9037 8003 5310 9033 6966 8897 7755 6740 5119 5533 7423 9311 428 4749 3393 3271 4902 5594 6621 507 6967 6383 7434 7895 4907 1374 8567 7553 3522 5877 8683 5107
 30 7849 8143 7982 9268 5308 6753 9909 5157 8389 734 2735 6183 2948 7809 7491 2475 3805 9929 1252 7041 8 1476 2764 4729 8485 4705 638 2544 6810 697
 33 5835 2855 5668 8277 4703 1784 9939 9658 9575 1698 2092 1249 8254 4167 9232 3662 6594 2653 8259 6165 757 9374 9503 9977 6289 3752 9524 8247 31 8317 5002 7194 3143
 26 5482 3501 9966 684 8526 8746 5274 4055 6800 5404 5913 4382 1517 2872 1088 1502 2684 4399 7826 7446 708 4342 4038 4947 7568 126
 27 9106 6754 4937 5171 2914 7408 6652 4562 4497 1557 2577 1553 2006 7196 8217 6417 4863 9357 8474 6909 661 8770 8112 621 4683 1875 4526
 29 8044 9727 6234 291 4082 8365 5878 4370 9203 3925 8939 8512 6026 6696 7088 3567 4752 6759 7780 6923 9468 6986 5629 7281 7968 4940 2585 3071 6051
 31 7138 3171 7648 6030 740 6395 5587 8517 6795 8089 4591 1960 865 1452 6119 6180 2118 4806 3566 7814 7420 6243 3572 3023 1912 5765 2328 4811 5970 3872 6413
 29 6570 94 1807 6871 8885 3139 2166 2622 4828 3556 3465 1792 2055 8859 9618 5306 58 1771 9507 2839 9083 2458 9341 6158 6911 344 6783 6320 6632
 29 4467 3076 450 462 2058 771 8577 7960 8469 3156 6188 2656 3453 6115 4351 5287 1591 9171 7250 4979 3510 1266 6929 1010 1801 2985 6806 6647 8799
 24 9413 5794 2186 8693 7176 9406 5302 4542 6651 228 8963 1461 8031 7836 7733 7141 4742 3732 5544 3947 6745 2481 4419 4659
 25 3491 1424 3681 1590 9816 7870 8111 4325 8358 3310 7589 6182 8140 3963 2216 7155 5573 2974 1478 4403 4255 2211 453 696 3529
 30 6430 8399 40 2253 6794 2468 5228 1433 1821 5434 4201 8189 2935 8538 7005 7588 8550 3499 7218 4787 9944 4024 7287 1454 8779 9863 637 5050 2007 8636
 25 9168 4392 502 4909 3 6519 9133 8042 1749 7906 6010 8329 2034 1918 1743 5750 6035 8705 5449 1443 4664 5527 5747 6442 6061
 27 6229 9447 8870 2305 6677 7637 1243 117 8687 8874 9339 8466 5327 3360 6399 9283 762 2460 6691 1510 6514 8075 6560 5702 5471 9873 9212
 26 9159 2442 2876 6516 9752 4183 1412 6309 4048 5887 5838 9153 648 6129 9122 6111 4534 248 3690 8676 1481 6659 9962 3120 5372 8114
 31 2870 6610 1066 1745 6351 5082 7679 5351 8423 5510 8794 7522 546 9780 5024 8883 153 214 4496 9405 7428 4513 8428 8308 1546 1509 5280 3404 6157 3918 7456
 28 3873 7175 5511 5247 3291 9874 8320 9350 4264 6606 3078 569 3494 3284 2657 9334 1606 3820 4670 9746 9926 4816 1527 6415 3173 4552 2661 2497
 30 4065 1768 7120 6032 4717 5598 9974 8954 9235 1532 4204 4281 1163 6763 1494 4373 2312 3184 5385 8452 7827 3990 5932 8243 7520 1287 240 2487 8216 3116
 29 3636 8246 2482 1558 5066 9439 3100 1304 7761 1444 6082 5027 57 5006 7310 9876 5825 5272 1480 853 1696 9682 1208 8302 1580 2907 321 1559 9700
 28 2584 1925 2365 6756 9621 6280 1165 9238 2289 980 110 3637 6997 8345 9299 5270 6850 2128 3945 3029 8181 1966 7306 9476 2357 6639 1508 4915
 27 4182 2090 479 9884 8204 7603 216 6419 3234 6630 4363 4140 9500 933 3010 9344 4538 4509 5841 5641 7198 6917 1957 8164 1327 6390 470
 28 577 9257 7650 5520 7347 8322 5843 3835 4687 9222 3011 2560 6282 8461 241 2131 763 1159 4029 1514 5710 2824 9637 7052 5549 8893 2781 2134
 29 2717 4259 928 6102 2279 2298 3644 8920 3780 9178 8318 9815 2389 5200 1507 4277 3939 2181 7079 244 9512 6700 7954 7252 8343 4895 5609 9866 8479
 31 9371 6578 3630 9632 9076 4694 4858 4672 9220 7257 995 4443 9651 9381 475 6565 9427 9709 1720 6020 4429 748 6831 1455 2437 787 2264 4702 9765 9163 592
 24 3831 5069 9735 9139 5868 7773 4950 1074 5036 2818 2300 2419 1195 8198 5893 8430 6254 5217 3369 566 731 1967 788 8964
 29 4891 1038 6890 6237 8549 4627 6500 956 311 8251 9491 5293 7472 4564 3955 1796 1046 3747 3287 6403 8016 8403 9396 7274 1031 6838 1119 7371 7162
 26 4768 1734 5529 9397 979 5797 1487 7369 5312 7468 5578 8144 9414 178 5519 8975 4704 7325 410 8202 6899 2454 4381 1115 2291 7747
 28 1566 552 4169 4195 4302 5125 9477 9182 7142 2802 4941 2416 7114 733 6204 5692 8291 4618 7241 4725 7391 5025 3224 2072 6717 9759 5928 1399
 28 8078 6931 8400 1499 3410 6421 5229 3722 1904 943 1370 3743 7345 4906 7663 3096 5758 3376 7573 4491 9313 6241 2927 2691 5593 3148 8240 9255
 31 9191 9718 7216 3643 676 3764 8575 4093 9795 4575 8182 2552 7847 7000 9871 7596 1146 8667 414 4389 1733 6346 3115 3309 5300 2812 2990 5678 6823 4962 6537
 29 1717 6497 2169 5226 15 610 7061 3040 8458 4500 1688 6085 1294 4633 6629 1469 6628 8119 7398 9711 2073 4220 3591 699 1017 860 103 7885 4364
 31 7653 8177 7864 1049 8046 1750 164 2136 9533 7374 1301 868 1034 9365 9792 1621 3003 1142 9276 3231 8056 3935 4920 9744 8179 25 3930 5685 4257 6546 6479
 26 4611 8851 9984 4386 3122 6485 674 6162 1986 6693 2682 8341 274 2521 1026 1362 8065 5319 4036 6478 5342 1958 9731 5418 1298 4964
 26 3922 4662 2864 9685 6995 6727 1932 1193 6697 7131 2859 751 5982 9419 4868 6193 4208 8809 7497 3577 1108 4369 8197 253 3985 5227
 23 8858 1125 4701 2693 7230 9790 9184 8876 2078 3863 1920 9309 5848 6448 7585 8300 9676 495 4173 293 3588 7002 5204
 31 9888 8447 2330 8547 9384 8257 7751 4358 793 5570 4289 6856 6773 1003 8604 6908 6749 6433 9810 1624 3621 5111 6034 3864 7905 2991 6201 2329 6266 2217 8395
 31 5254 8026 8949 9980 5210 8831 6738 8506 565 7390 5976 203 1708 8505 2408 7344 9197 3088 9144 9566 2180 9331 2784 1811 88 9020 6506 5231 1486 5779 1864
 27 8141 27 3679 2212 3332 6615 2832 1207 9368 7928 5579 6291 3220 9595 3672 7881 8973 6957 5034 6608 7224 8742 485 5526 7934 9555 6441
 24 8786 7395 2140 1124 738 5742 3678 7135 9281 4266 1147 7363 7307 5567 6527 9639 284 2363 8535 4995 9774 368 2075 8194
 29 586 7229 9887 3128 3005 2472 7528 9625 1612 8790 8911 7419 1460 2124 6429 5504 984 815 407 1632 5927 6247 2159 2751 6577 9788 8195 7697 4625
 31 7576 2351 553 6720 1339 7449 6444 7598 2536 4785 1545 1166 1880 8231 1962 9217 2326 9999 583 1640 3142 5335 4982 4620 9945 1375 7332 3663 9023 8589 1665
 27 8424 9940 3396 4323 9456 9660 261 4241 8284 2833 4723 3853 6075 6768 8804 4654 8457 5143 7892 2336 1686 251 5375 4516 7654 2296 4690
 30 7883 2156 3179 6154 9951 3560 8282 1854 7840 3544 2233 1852 1709 2780 6192 2869 1439 5565 3343 5056 705 8312 921 317 9813 3163 3493 378 4956 2668
 25 8220 4433 1330 3126 5144 250 5401 9737 8677 7706 1085 9501 245 3888 8370 6396 2453 524 3052 5992 3948 5294 6308 4502 6614
 30 1574 9248 7708 7397 8745 2395 3238 5167 134 1127 4044 576 1861 7056 1929 693 514 1117 9671 9528 6469 6126 3523 2856 8690 692 3112 2008 1697 2901
 33 3590 3704 5944 7439 6970 6718 8266 2053 590 1149 1693 2654 4988 9216 2354 6735 3152 7587 6384 3891 7578 2650 8822 1065 7665 6281 316 2638 7991 3289 3829 5988 9204
 26 2265 2496 4390 9506 5632 3442 5435 74 4079 8486 7651 6918 2495 5600 3753 6968 3837 3319 7103 6875 8521 1841 6260 882 677 9015
 26 3511 7984 5207 589 3114 209 8993 3742 1630 954 412 1721 1070 3418 1346 549 5094 401 8136 8411 1669 4608 8146 3083 4775 7917
 29 8946 8364 182 2239 357 6658 6359 1888 4931 472 2547 584 9809 6780 4161 9355 5806 4842 454 728 2089 7465 3257 1728 1705 9398 2031 1928 9882
 25 719 3209 3471 6275 2201 2339 3079 9531 5142 2928 6510 7949 2877 6772 1068 7499 1906 8367 3550 4102 7902 6273 7477 1270 7652
 27 4466 8205 8971 1608 158 5525 7866 3803 2538 619 4647 4178 7766 8278 914 6226 3004 1611 2723 1230 6066 5088 8685 1834 5813 3008 7690
 36 9180 8961 416 8356 4917 6912 9719 5499 2710 9975 9781 1692 392 3548 1589 4344 2720 8384 2981 270 2979 9426 1702 9641 438 7819 7057 9146 8433 8527 5536 8376 5257 8298 6732 1199
 29 1999 5889 3772 7969 8234 4156 5353 8793 2525 7916 9126 8877 1000 3975 231 7233 1272 4310 8082 9429 8397 5339 3066 1874 9557 8018 990 953 7908
 27 9014 4066 1365 3051 5914 69 2506 1515 5166 2613 5769 4292 5279 5611 2977 6502 4335 8972 5038 347 8704 5892 5140 5725 8501 764 5255
 25 2209 994 5195 1148 5416 3297 2435 1039 9771 6914 5834 7493 8707 3552 3728 355 3428 7920 9377 3447 7617 5780 7537 3472 537
 30 1579 4494 8730 7496 7744 82 4391 6125 6057 6562 4095 59 6582 4835 2761 9552 449 538 6589 9516 6894 2356 2865 1930 7453 9710 2041 1533 1345 4789
 24 3016 9740 528 5537 4009 1373 679 7405 4736 5964 310 3435 5994 5114 635 7829 8420 9867 3000 9649 3219 6358 1522 2952
 24 5832 9243 4660 4151 6481 7526 5772 400 8573 5501 1244 922 903 471 6739 9511 1649 364 1500 6366 7810 3758 1268 277
 28 7426 4766 34 3322 9592 2555 4307 4356 4194 9308 7275 4402 2967 7099 3920 3605 2886 8233 2344 1084 5630 4308 3593 7339 1112 8596 7966 4916
 27 6507 7871 3201 3275 5744 6859 4566 6744 5425 2955 6860 1622 3563 3303 7298 533 9794 2299 3852 864 7454 9063 235 8981 7174 1738 6091
 28 3709 1670 8083 5005 7180 2637 8036 1007 7743 9029 9952 3879 1856 1783 3961 8310 6009 1845 875 4854 3843 2471 4426 5341 1981 2523 6988 3870
 28 5014 2297 4166 7173 2512 3932 2767 795 3854 3711 5068 2808 3127 1056 4199 9196 3109 2173 3245 7627 8357 8252 4326 3943 5276 8830 3345 7911
 26 820 3460 2353 4983 3541 2433 902 2558 7939 2314 729 4551 9430 4438 6905 5212 7956 3751 3874 9972 6858 7461 192 4998 8574 655
 28 4078 9747 8566 8324 3610 3703 5177 5862 3320 4958 3434 6486 3674 2364 884 5415 72 272 6458 9610 8456 3165 8127 5515 2093 5845 3334 98
 32 1826 3833 1700 9120 5693 5506 9675 1242 8391 1395 1618 6025 7247 2944 1392 1536 3574 2702 1955 2112 4142 8280 5085 8647 44 9143 5548 467 6542 7841 8009 7234
 29 327 1512 726 3044 6445 3009 3266 1588 6731 2642 5138 6793 6268 4732 6976 359 3131 5063 628 3599 3056 9234 4445 9496 4416 6012 9463 6279 7341
 33 3766 1348 2524 563 3954 8820 3716 9055 5757 2009 718 8153 7059 7860 559 669 2593 1645 905 7832 4606 1569 4755 8853 4270 7602 7518 9148 9894 8682 5667 4832 9154
 30 78 7511 3775 8543 1186 2003 8950 7116 8766 8454 468 3330 223 6178 3477 8129 5648 7834 4475 7366 3933 7055 195 5359 2393 7156 4592 2968 9969 722
 26 6950 1140 2048 6681 1198 927 8723 3110 4101 7785 8352 805 3942 2251 8139 2806 7710 5271 6081 162 5824 5337 7050 9505 8167 977
 23 4141 9441 8841 6283 4730 499 194 5355 8330 1002 322 3241 3464 9448 7893 9776 4886 8212 1859 5922 5538 65 6564
 29 3123 90 7569 6265 4327 7707 2664 8991 851 3335 7981 4864 6666 1837 5096 8008 9158 2324 2792 6127 6394 1075 3140 6047 2282 7289 8582 6663 6627
 24 6975 4870 5910 8108 91 8022 7462 9412 1436 1701 861 8926 263 7433 7640 9265 1953 349 8836 7505 3859 1464 7806 6014
 27 654 6093 5483 3898 3949 5315 3130 3865 2412 9081 4748 585 6438 418 7630 3378 6232 7634 6896 469 6089 4105 6943 6573 1473 9330 7414
 33 4974 6597 49 747 598 9286 3735 3177 1575 73 6616 4273 4003 1980 7950 4383 5395 3543 6945 5135 7102 9570 4059 500 3773 1757 3617 366 1978 8032 717 6149 2480
 28 9925 4458 3953 3412 7185 1222 7356 1777 4588 8628 5689 5198 7001 9261 7258 8283 7803 5389 6307 6536 8287 8706 2667 3157 8979 8305 3769 6133
 26 7674 3119 3951 9811 1554 33 689 1028 8147 2355 9300 3834 7620 2811 8814 6540 6877 9896 6131 9840 7687 4463 3208 9030 5029 9527
 23 4523 1942 687 9930 9128 6766 2797 3340 1104 92 1489 580 6338 5095 4522 2492 3414 2676 8998 5657 9170 2105 1627
 29 3387 2005 2933 1059 1890 9165 3669 4953 8274 1620 1219 1643 7753 7811 4992 8015 4829 6530 6083 1043 1902 3070 8772 3478 4337 6932 8061 3024 5562
 29 2417 1204 1425 9568 7011 3462 5117 605 1151 3489 6344 9839 3121 4601 2546 9290 2488 3754 3097 206 8838 6251 1798 12 2904 6955 4978 5823 1445
 28 7584 5608 1556 170 706 8634 3486 356 1797 6824 1493 5983 527 4599 539 9424 52 6045 8429 424 3395 1384 6771 1378 8880 1672 9724 1778
 29 5777 5492 6250 5696 780 6313 2295 9753 5168 7401 7614 9793 4823 7321 3065 5761 9996 7586 3301 1780 2402 657 5754 562 2875 6769 5711 6883 1177
 31 1641 6980 3503 5903 6925 4227 2770 1485 6331 3086 3336 5701 109 7130 8295 5040 4406 3615 2045 4668 6196 29 2503 3542 5996 1237 2627 166 4058 7854 7774
 32 1048 8948 4796 544 7894 7790 3283 5682 5010 4185 2039 5403 4396 4679 9917 8437 6684 1103 6741 8175 7221 5252 5923 4675 6840 9602 5091 5391 3041 9188 869 447
 29 9189 3720 1893 4318 1250 8530 5360 4514 2477 135 2052 3635 8775 3382 48 5484 5631 285 1729 458 142 7583 3848 8846 3779 2400 966 9510 3082
 29 3353 8440 4751 1398 8063 9537 7117 5170 3558 1759 5822 3508 4665 8611 7112 3470 2327 3244 9578 9206 2934 2117 4741 9277 806 8060 5513 3038 9802
 30 6423 3937 7183 4480 8936 5713 7957 2154 9583 2960 5413 1919 4092 157 1094 9729 8990 1456 354 801 8098 1356 8059 5684 2545 7121 2119 8585 5930 2980
 29 1813 8383 7115 5185 7481 3671 6379 6566 3984 2071 7816 1908 3584 6457 8630 2278 8221 6249 2229 9749 5047 3342 346 4000 7868 9828 6435 1503 9741
 28 3423 9868 16 5182 4739 1276 1996 9078 6436 1839 8655 4657 394 3514 3886 4555 4404 7357 2208 6549 727 8104 2065 7705 6503 8244 9829 9558
 26 2038 5613 4481 1429 4718 4795 9571 8460 2601 2243 4460 9332 5108 3828 3896 5924 17 2113 5458 4285 786 1857 2478 8891 7322 7260
 25 602 3210 5942 9428 8072 5925 8000 7097 7473 6354 798 8435 3377 643 6998 6134 9596 9294 4253 7269 5180 2095 9080 2620 5065
 29 6808 3492 736 2384 627 5251 2138 308 2310 6711 83 4028 3456 3199 8124 7124 6712 5463 6682 2861 9298 1982 351 8393 2938 2501 2814 7608 7649
 33 175 2890 256 5153 9416 8471 338 304 5901 1238 4282 2021 5760 3774 6185 9728 3094 8142 1636 8908 131 5816 6054 2172 2222 8014 7197 2250 1393 3958 870 6730 4188
 28 7995 2803 6475 4219 62 2838 7441 2337 8541 9274 686 5352 4215 4511 965 8578 4838 9659 8023 6937 8719 808 8533 5849 2999 7470 4767 4014
 30 701 8592 1278 9967 9462 9121 7296 3724 5278 1872 9862 1023 8507 1642 7012 66 2708 3822 8064 6370 4209 9620 7523 20 4973 1288 2467 8774 9914 5707
 27 4764 7642 698 5127 2633 7259 606 6437 3203 926 3546 2148 1261 3525 2949 5485 8319 9911 6568 5321 7140 2025 607 652 6673 9580 7534
 27 3875 5030 286 3350 229 9096 2218 8239 5369 7727 6310 7340 5072 4128 1054 2740 1578 3162 6270 7669 622 5305 9523 2721 9001 5844 2254
 24 1572 3575 7458 2752 515 7361 2232 4521 6318 2316 2632 4011 8168 5640 6939 7447 6987 7535 542 6103 2862 5459 4600 8268
 35 3440 625 1468 7380 2715 6815 8584 9721 5201 1131 6979 7045 6084 3813 2647 1091 5067 6698 2130 5493 8537 6777 4301 9663 9225 3655 9364 9766 3547 9134 9071 7764 8412 7718 6787
 28 9601 9756 3385 3268 4355 9229 5916 1917 7915 4545 8477 9812 5828 9694 210 6362 2564 887 8571 7582 7211 4849 737 1281 5586 7837 6680 1791
 33 9282 2332 8017 7929 3907 4286 1592 6215 4444 8904 5192 9983 2370 3721 2033 2004 1353 6653 999 8758 2899 631 9269 1605 9479 5452 5558 9022 2046 205 8062 4235 6164
 27 4119 7494 6935 3867 8829 4250 1542 2194 9436 7209 6434 2463 895 8475 4934 2200 2026 2726 4225 7034 7754 4631 3661 3168 2956 4821 6207
 25 934 804 2086 4543 3598 2085 8462 6779 7163 1427 9087 1262 8378 7378 3895 1033 7684 2127 1984 8408 7619 4571 5491 3218 647
 29 746 612 9913 5815 2350 2101 2258 4083 8641 4638 7815 9720 3174 8390 8109 4756 2111 3293 6487 3372 7160 7145 7445 4733 2214 2505 1943 1484 960
 34 7782 7793 7402 3027 7323 2168 2221 466 9223 9437 4641 5412 6814 2080 9287 9845 6836 1413 367 3085 4133 8419 7 4537 6679 459 814 2964 5582 1428 3979 8945 8816 2338
 25 1965 8128 3339 9772 1562 6304 9272 4388 8025 8131 3825 9750 6829 3723 2225 4244 1684 4269 6805 1586 4150 6920 5787 4791 1154
 34 2851 8339 8431 2578 1025 3318 8933 7239 2738 7748 6708 1683 5405 3390 7035 7265 4434 2108 2309 1910 7208 8138 9897 3509 8071 6661 6751 9953 6324 8058 2942 3451 5178 6952
 31 9111 1595 2550 6640 9804 8765 397 703 3934 4758 2919 532 3892 4147 4919 7612 7146 4676 2445 8186 9005 8091 3413 1843 5728 651 2749 1601 9100 5240 9138
 29 2805 3832 3482 7042 4217 1380 2236 1076 1593 3647 2917 4559 8325 822 5441 3026 4113 7206 8155 8113 246 2816 8101 5011 4450 8935 8658 4556 2504
 28 526 2000 5534 3186 6221 6286 409 1020 6252 8536 7924 4112 2658 716 5498 2361 8209 1331 186 6797 3946 8110 509 1446 8236 7839 2155 4087
 26 6042 9662 7015 7084 9302 6643 8398 620 9110 7525 1933 9959 2671 4280 2224 1656 7632 6333 9026 3357 2347 2377 2392 6356 3030 265
 27 5046 3361 2836 9224 3295 7572 3619 4174 373 2040 3631 9233 568 7725 4955 3799 1156 4609 6736 8825 7170 6455 8606 6360 9113 9650 5666
 26 13 4757 5136 4607 1715 2591 2489 2947 5856 7400 5817 1453 5978 2975 5393 6678 7963 761 7959 6019 8806 113 4688 4619 3366 7540
 29 8551 4980 1846 5245 5886 2459 2614 4677 1174 5861 6472 6648 741 9043 6337 982 633 6617 226 6827 9807 7444 9574 9486 441 573 7261 371 1990
 22 152 702 2252 3164 4933 4472 9554 9976 4212 909 9455 4637 369 4814 6760 5043 8608 9775 5599 8660 3697 6148
 29 9155 5097 188 2813 2526 2965 5460 6255 2391 7538 425 4898 3507 9247 8691 2675 2615 8780 8764 1950 9701 3077 6031 821 197 3959 4954 7965 5991
 27 9049 9360 8657 1417 3091 939 7240 4938 4031 4064 6213 3368 6024 8842 623 4424 8867 5989 9480 5605 8086 5888 9167 1682 8225 8640 9431
 23 962 1312 6879 2940 7383 6128 1657 7876 4945 5818 331 5330 3889 5737 5001 1201 725 139 9608 8515 7726 1150 6090
 25 5062 4303 5966 4802 4957 5298 1236 4231 7660 1849 2725 6586 911 5018 4743 958 3884 8199 3976 4554 8359 3687 940 825 7936
 29 8097 1437 4214 1675 2037 5116 4834 5307 5522 9485 3195 6256 8862 510 1170 30 9757 2407 3007 5920 6372 9379 2553 6499 9633 7152 4827 4594 3375
 29 3155 2152 8586 5968 9329 3019 5159 1269 1402 4869 4583 2413 1885 2798 5651 8643 6792 5087 5165 3726 8888 695 2709 2371 3956 3444 1397 7756 3595
 26 1587 4260 6770 8625 4005 5610 3281 3500 6037 3490 2576 5581 7271 4815 7750 9077 1336 2490 8729 4968 4651 8823 4061 7246 4111 5885
 22 6424 5241 1036 9097 5619 7379 8256 2274 5055 2760 4410 4081 5800 3971 2270 4770 6465 7857 7411 5054 4422 1185
 24 1386 6488 8207 5462 9515 35 473 5188 2680 6276 4032 6672 8035 6941 3137 6940 7093 658 1274 9886 8100 7856 4540 9192
 32 1753 1130 5031 4239 3064 7715 4942 319 2334 4589 2280 4334 4435 8616 8248 1418 3028 9681 6521 8866 5616 3788 6880 6290 506 8088 9686 3014 5161 8744 8092 1921
 37 4322 1359 128 1175 9150 2841 9777 9898 5457 6473 4577 1317 1899 3392 1524 5894 4343 1135 1719 4488 6953 9981 2700 6775 348 1078 1703 3538 8451 9572 8002 796 8416 7362 5042 362 4361
 30 5057 4474 5555 3682 4084 2018 6994 5496 9317 8067 9908 3926 8509 4160 5152 7779 5546 4525 840 9875 2827 5264 8962 2978 8555 8810 7923 426 1916 7907
 30 4071 8468 1051 2815 7149 9394 4745 4831 7105 1971 8224 5699 5451 1137 1511 4572 7350 2449 9386 7302 5145 8163 217 2566 7618 8708 4841 2273 4708 5921
 27 8315 3991 6959 3373 7579 6016 8178 1004 2937 8309 9979 4428 9280 1498 920 4421 8759 4453 5150 1565 1561 3861 8922 7544 3931 6179 9556
 26 1769 9589 6595 7699 6262 1998 6872 7955 140 2790 8446 5132 7075 3370 2466 4051 5628 6120 2898 3017 4709 8632 2962 4735 4548 9354
 34 558 6683 9075 2263 9052 4622 443 682 2673 80 3604 7062 4914 4376 6143 213 4332 4470 4043 9998 3973 5362 3365 2958 8361 6342 1989 5039 9878 6159 7741 390 2810 1993
 27 2182 7704 3746 1597 6580 393 2531 8642 6567 4124 1319 5427 2077 4883 6786 8226 8984 4879 1432 5437 1110 7714 714 7125 1975 1001 1766
 26 6669 7487 2554 6117 1016 220 9803 8263 3254 1724 5420 2887 5332 3685 9763 2256 4305 7964 5853 797 3307 4319 4320 4437 1891 7399
 26 8099 9366 330 5077 130 6177 147 4478 8005 7784 4882 7873 2076 1873 8490 7622 1623 4846 8473 4216 8467 7967 1626 9164 7772 5851
 30 7828 7918 3302 4046 9612 7147 7158 2106 435 4247 6572 6329 2867 84 2262 8371 3944 5662 9534 5676 3965 5902 7862 9259 2612 4884 2422 9586 4643 1367
 25 138 9699 1448 1133 5850 2064 8316 5793 3277 2255 5417 6187 1029 7167 4139 6350 4070 8230 3337 4536 2575 3627 4927 5256 2804
 28 6603 6888 4200 2126 9494 745 9848 1671 4857 8245 2116 334 7290 1308 9091 4549 6288 268 2628 9132 3626 2905 1997 8081 7817 6524 9837 4901
 32 2993 846 8134 6463 8261 2049 5714 1639 6341 6971 5748 9870 5189 9855 1280 3807 4761 1613 8773 2164 4711 8021 7303 3691 2079 4961 547 7106 5789 6737 4771 7577
 30 660 7358 9073 5949 1340 2674 5439 7330 2068 972 3982 3846 7157 9736 2534 2939 6048 2193 8087 1403 2473 151 3338 8985 3649 6654 9422 4881 6865 2084
 35 2452 1539 5149 4807 9933 5151 919 6522 5969 4163 7284 1206 7072 6272 7171 1736 2889 3043 3824 608 4663 5891 269 712 2796 7734 5560 894 4936 5805 6637 1027 5284 7165 7187
 27 9215 5467 9850 2335 2012 9590 2677 7872 800 2176 3313 3986 7560 8855 6298 4368 1819 4164 1231 9316 8863 8716 3459 172 7789 6496 6480
 26 6392 5595 1040 6407 5671 1414 5390 4025 200 1132 5597 4127 7388 6873 9047 324 759 9518 3282 9210 5709 5158 8994 574 9869 1690
 34 9988 159 5952 7251 5855 6869 9549 9831 6112 5223 8123 4062 38 1214 6206 2724 1482 3897 1876 7546 505 9262 6863 5788 8738 6848 4783 9082 4646 6377 9991 7852 7422 8470
 32 3256 7855 862 5934 6623 3921 6983 4715 5654 7719 4015 4809 8154 1118 753 301 8826 4276 9830 618 2425 7476 9088 6934 2773 6391 8852 8902 5812 6169 4680 3818
 35 5919 8896 5756 6992 6092 8193 4144 1740 8718 2179 2646 3144 6574 9821 8899 6701 3034 3983 2369 4492 9624 5980 3714 342 5494 3658 9048 8622 1900 2896 2257 5196 587 511 5193
 30 7822 3878 8118 4 4304 4975 5556 7597 8206 7875 6820 5488 8337 2551 6644 6494 5554 2022 9693 9644 1945 3230 6592 5792 6799 8747 6921 4699 824 3386
 26 7937 4996 6113 7910 3904 5314 881 9664 116 6044 6483 2219 222 912 967 5004 4624 6141 4407 6490 1881 396 2556 8180 1099 6491
 25 9435 1712 8492 6150 2701 8958 9853 5382 7824 5768 4288 4614 1673 8116 8054 1426 8930 3133 5445 6887 3938 9293 7153 4747 2367
 24 4960 3169 2583 477 874 593 9407 3882 3802 1011 5998 8861 4090 6147 649 4946 3539 2596 1534 1018 5408 6513 3468 212
 29 1577 4951 9039 6322 7278 4457 2061 6609 8844 4045 6837 7212 299 7410 9530 3776 148 3296 9114 6420 3688 5764 6533 3583 2345 5591 2594 6017 7021
 30 7609 3452 9826 7552 6504 1913 2375 2748 597 2030 5064 9127 7404 3136 1968 9169 4648 6199 2543 3564 767 6801 1005 1714 2885 3274 1071 1727 6830 6575
 27 6638 4091 3557 5020 5883 6676 6764 8262 358 2183 3545 5781 3431 4379 2056 4120 3657 6466 3031 6803 4462 2483 4584 2567 7729 9643 1648
 29 1817 3911 5528 3866 6748 6822 2410 3182 2843 1883 8215 9187 7989 8886 5732 4656 5419 100 5099 2750 5576 6636 7490 640 439 3601 8978 3555 2288
 23 3236 1491 4455 8250 2782 7580 4021 872 6471 7973 2739 8288 8960 2227 1296 9142 5933 8326 4959 7478 6068 8290 7722
 23 9714 3628 8624 2244 5333 3731 3439 4889 5474 7983 3502 1664 7737 1351 2929 7262 1513 6733 3995 4271 1211 3570 8465
 26 445 1746 850 5456 7232 7865 5796 93 6163 4929 521 8721 924 664 1504 318 4610 370 3217 9638 2438 8188 9112 3816 9697 5033
 27 7633 5206 896 4152 1229 7605 5863 9725 7664 6138 6813 9 5962 1706 7681 1567 2910 4595 3915 6903 8635 4613 983 9208 2067 5374 7215
 31 7148 4060 5476 2 7867 5448 5058 3537 1167 2318 1233 3194 1754 1405 7150 7104 1866 2462 5464 5495 9779 463 9102 7548 1107 9514 898 4459 9099 7435 6121
 29 7324 8152 5324 5721 2135 3851 3346 8754 8328 9619 4684 2426 5428 3695 512 5842 2695 6725 4865 4016 46 5563 897 5521 105 6311 3901 8887 1363
 25 3145 1896 2649 6493 9751 9356 513 3821 2001 2513 8213 4515 5694 9010 5356 7898 2988 8856 5089 1297 4297 6002 8784 1551 7417
 34 6197 5583 4568 6936 1961 221 1203 6990 5911 5301 2989 8150 1564 5974 3806 7431 3463 2206 4570 595 1741 3967 1284 1388 2190 4012 3998 9353 2448 2915 2349 4256 6142 5486
 27 2672 2847 5041 7689 7976 3455 8093 6409 4017 4446 9270 886 39 8956 7300 7962 9390 6170 8480 8795 8354 1633 1995 7807 9064 7008 6942
 29 8849 9288 8654 2916 8875 1600 3380 1969 4903 2541 7709 7407 6882 1914 7013 6539 2697 5741 2070 7646 2102 2421 942 3800 8306 8918 5489 3403 6301
 30 4804 7297 2069 5345 9559 7367 784 2313 4229 3532 6287 8857 2685 1188 5265 4365 2508 86 5755 481 5572 4405 8570 2588 1878 9582 6901 9018 3540 8629
 27 207 9236 1275 2304 4628 3242 7464 9954 3770 3304 790 384 5766 2235 1409 2185 3740 303 923 7550 6122 7977 1576 415 575 7903 496
 28 1141 3860 7694 5128 6073 1681 456 1420 530 8783 2931 9012 8931 403 6063 1598 7515 4103 812 490 8379 9521 5663 828 8845 2510 3072 3188
 32 5465 6294 4560 421 2429 9762 177 6944 3785 5603 5175 4295 5015 3461 3108 5373 8999 9387 2568 4035 3263 6555 5697 1200 137 752 3729 4590 7004 8307 7010 6588
 33 993 4671 6425 3618 3259 7295 541 9808 6230 7670 1349 7645 5000 6719 7682 3646 6462 4378 6124 7479 7095 6949 3358 7657 7717 4008 9713 7616 9542 4872 7997 5953 124
 28 4616 8983 6778 1976 289 6686 9310 6186 848 3176 8258 2825 7846 4603 5048 3211 7778 5081 2319 8304 7716 3270 9691 6602 1800 1295 3808 694
 36 2636 1060 854 5461 5574 7436 236 3103 2853 7745 7190 5951 5647 3603 1389 5661 3251 3894 1530 6846 7172 9823 9483 4860 3916 3792 4333 1355 3699 4265 5571 9865 7090 2532 233 4171
 27 8995 8835 498 3762 8615 941 5580 9415 7304 2629 7068 2923 673 305 5104 713 802 4970 5098 992 3809 5762 4242 857 1470 4384 2380
 28 7914 8183 2241 3417 2343 4096 704 3170 6470 465 3035 4180 2010 5577 5622 8269 3371 6900 5977 1332 2880 7658 2434 4746 3214 7843 2634 3048
 26 9340 7030 1139 6382 3036 1689 9107 1609 7835 1259 9090 5290 5840 6624 9617 5642 4094 302 1213 646 9656 2240 1790 5907 2059 2670
 27 9742 9695 5669 7482 7086 8791 8873 9883 644 3849 1314 2540 7184 1383 2485 307 8161 4427 2778 4510 1347 6086 7788 617 8024 518 6172
 27 8407 9584 2396 8613 5400 6876 4530 1770 7392 5700 2097 1045 2066 9135 5426 1052 2047 3261 6788 3597 6852 267 6053 616 2306 2936 7264
 32 601 5503 4507 3333 2145 7952 9943 3018 2083 4720 9057 1650 9389 6670 604 1535 5378 3013 6649 7064 2420 6529 1617 4912 8965 8811 948 4367 6755 1323 3436 6422
 24 4077 8513 1100 1024 9937 1300 2161 9973 5550 1097 8675 1391 7143 3329 6839 1992 5250 6723 4020 3196 5918 8941 3868 8696
 29 9872 8545 4122 7922 3172 4175 5867 3881 5296 3887 5322 8907 8426 7532 2428 3102 8497 5205 3737 104 3768 8301 7567 5120 9924 7858 5774 5470 7272
 30 1109 8903 6168 3264 7519 3836 320 2247 8912 3565 4774 9703 387 9185 7859 379 8757 3276 5060 5194 5283 242 1718 1337 1305 5937 1615 6371 6587 7492
 29 666 5388 6482 8053 2920 3858 6274 6328 2028 5249 5869 9490 6996 7692 5752 7558 6802 5013 7023 5708 1823 7051 3966 1506 859 5215 1255 9607 8618
 30 3877 7781 5213 3694 7351 4186 3757 1430 7299 4387 6553 8511 8369 4401 9218 2852 5664 6450 3389 2060 9513 7248 9017 7940 8449 9193 1786 2054 1678 5836
 30 1938 275 8166 7421 9378 5724 4221 6393 6550 8728 5028 6210 7672 9179 8989 4813 7069 7909 4645 7283 1180 6259 880 1869 9667 634 4532 3311 936 5681
 28 8090 6245 8170 2858 4926 6123 2775 4597 2158 8004 5763 8214 8455 1102 9367 4072 2245 9295 1781 7127 4464 7263 9301 8695 3796 6184 1350 9982
 28 3815 2205 6374 9322 2644 3430 4190 3912 9093 70 2610 8686 1401 4845 1616 7673 8491 4928 6108 3200 1232 7440 8203 8241 6153 1263 9444 3531
 27 5370 4170 9130 1787 6267 975 1895 1307 2373 8894 4316 2390 7739 8148 5804 5746 2110 7225 6285 1324 6886 6116 2529 5660 8077 7631 2783
 29 2378 534 7335 4697 6844 4673 8249 7592 9231 4527 5514 5350 4223 1889 778 8185 1358 6726 325 9901 945 3521 2883 3527 7677 5960 6650 9768 4576
 31 4852 3929 4797 1113 8130 9079 5263 6211 8594 8494 4350 5163 9314 9835 3506 5811 3246 3893 8560 1927 803 2133 7848 8800 9402 2284 2302 2731 2616 6189 9932
 27 8546 5939 7979 906 1095 7988 5303 1326 2511 6171 2699 710 4157 3495 9098 7133 8048 6468 4932 423 6501 5677 7746 1634 8011 6842 5269
 28 5354 3581 7539 4238 8049 5860 6520 8737 3480 8812 5012 1189 4456 9434 8255 1667 9209 3419 8671 6023 579 9550 8739 4222 6532 1540 2623 9577
 28 3265 1842 1860 2640 7625 504 8500 971 4524 230 8602 3315 1988 1352 2882 9609 5505 211 8519 6505 6984 885 7972 7647 2844 127 8353 6656
 25 5955 9136 4067 8438 5945 5348 4004 9363 715 4290 600 877 5540 6518 3549 315 9472 2374 9181 1518 2828 501 6271 3080 7207
 27 9328 3827 1191 4994 5938 1410 4777 785 6205 1549 3069 3608 6927 3488 6375 5191 5956 9214 6807 3433 4206 8102 5155 7508 1629 3349 9770
 25 8644 6671 8710 6889 653 1123 675 760 9648 2207 5074 8689 8253 6386 6060 4177 8847 9016 7874 8157 7376 9074 8516 7123 2681
 27 1472 7343 6151 9732 7060 5826 7028 2266 5235 5297 7305 4612 1952 3778 2800 5695 4780 180 8827 4203 1646 4449 5225 2203 7926 7134 582
 31 4049 8472 336 1772 1267 208 7777 2728 8483 5601 9482 6460 832 6612 9207 1451 6991 4191 5061 4731 5421 9834 5743 9605 614 6209 7154 5285 4890 1851 4184
 26 3562 6001 8120 3405 3755 9961 150 9986 7671 2522 8106 55 3629 844 2032 9852 335 1931 4686 5871 5607 442 2976 9517 2268 9838
 35 4473 4447 6729 910 1751 7516 3702 2352 5436 309 9504 8673 9149 5879 8889 7108 7007 4986 1382 2821 5394 7236 6336 9237 28 890 876 1951 3015 6203 5432 4866 4897 7655 7368
 24 3611 6687 8565 6655 663 6634 1707 3794 161 8562 5282 6018 3061 9616 3596 3638 776 5866 8388 6327 3197 3719 1315 6246
 27 8724 8227 9755 6973 7721 2840 5433 1098 1083 8499 123 1371 8115 2759 5775 1488 2888 9070 842 4991 7092 8648 8520 517 5633 4682 1954
 25 9284 766 4808 6790 4495 3587 4110 1256 4440 5291 6176 9796 6439 2727 2029 9920 6685 1775 1153 4108 218 1316 7900 3161 1212
 27 3363 4574 8503 7723 1138 7065 6036 4640 8668 9497 986 522 2970 4230 9264 5331 9487 1379 723 543 2376 5275 8776 8959 2829 7886 519
 32 570 2874 9522 7986 4784 1239 4076 6902 9851 2892 9919 6263 9466 2903 9588 3641 2379 6938 8459 3466 2688 9715 3980 8126 4485 7486 5017 9065 7542 6798 946 1911
 32 671 3579 1021 8778 1152 1260 489 5857 4550 3429 5900 7925 9993 8145 5438 8864 1122 101 9103 440 6964 9473 6349 9062 1628 5286 7360 6713 8218 491 9968 6835
 29 9321 7566 3235 6857 659 1465 6767 6703 8581 3166 6449 6368 4602 6591 9252 8529 8029 834 7231 4498 260 1008 1129 8084 3614 8743 4714 2215 411
 27 4661 2795 7031 2755 1985 3090 9936 1802 8211 8260 5281 8601 7831 8051 1537 3880 4899 9843 3526 8905 6981 6335 4479 6008 2143 3305 3504
 30 4760 9696 6897 1983 2195 2906 7022 662 8001 7111 9327 5146 7765 332 4892 4074 4414 7385 2972 7217 5246 4786 7255 8748 7562 9950 3081 7100 3207 9544
 25 8057 596 9646 7161 9678 2439 5176 9499 1668 6954 7118 1063 4819 9040 2663 1732 4604 6043 8600 6467 5234 3450 9474 7801 3021
 20 8346 6258 4567 2745 437 7767 9007 2019 3771 7238 1654 5236 8331 672 8524 3223 2405 6867 145 8768
 23 5500 89 2535 8285 8848 5023 6999 8722 5720 4477 5590 4836 6695 8703 8580 3561 5019 6631 7730 2716 6626 503 7820
 27 5262 328 2430 3391 1794 9495 1519 1694 9910 9370 2683 9712 6166 1571 3535 8333 5078 827 9493 3087 4121 9221 8736 4981 9918 3857 2994
 27 8709 417 1210 5783 2609 4394 9990 4520 168 8294 1459 6508 9877 8732 6851 756 6965 4261 4861 9009 2196 4721 7413 3760 8953 4674 1773
 29 5552 4949 5564 1053 768 9773 7406 7691 6299 5739 7038 9690 2548 7792 5093 8422 6146 7365 6140 3761 4041 1155 3713 6222 8712 9579 4380 7178 9799
 27 4753 4754 6928 1964 3347 6816 8968 6747 1411 7078 5530 7387 777 5477 9560 6946 7003 8692 1343 3725 9198 8802 1815 3668 5481 4977 2388
 26 9594 9797 3267 9395 2542 8122 4833 4818 7958 9250 8332 9160 1830 494 4118 4706 4924 7495 5602 6774 5381 3237 6704 3957 8670 6906
 24 6791 1816 5423 9825 7227 8914 5568 1096 8552 3705 9008 7757 1977 193 3248 3793 3910 2559 1396 9320 2786 7555 5208 2451
 27 6845 5334 7581 8890 9454 2768 385 6584 3606 7009 8665 2589 430 4448 9668 5248 6050 6443 5733 2871 5620 7293 9948 5569 9687 4135 3708
 31 7662 1247 5941 8464 8327 4415 9241 3741 5218 4799 5121 8159 7459 7740 2893 7702 2549 9453 4207 3253 6110 5444 8735 7565 7594 9657 856 7791 3653 7805 6216
 29 5524 6668 9992 7394 4629 4309 9315 4341 5935 6015 6033 1585 8769 1695 1458 6692 96 775 5899 483 7825 1699 7480 9034 1655 5897 341 6055 7527
 23 4469 5908 4910 3733 8368 4116 7993 6364 4873 8915 9359 6841 1173 5422 8396 8208 6401 1529 6593 7119 3710 3467 8898
 24 5160 5008 9227 4123 8074 4053 6007 6446 9289 3280 3356 2171 9312 3890 4010 7624 6118 8531 7897 374 6495 5698 6598 3642
 26 7427 3181 9492 837 375 6866 5424 266 7661 6989 2913 1661 5230 2315 4893 9597 19 2605 988 296 5380 3559 9698 9094 4685 7688
 28 9194 6461 3278 9636 1264 6427 5759 4452 2983 8680 3683 7243 4728 2397 3981 3446 4839 4557 2941 3475 9319 3739 3426 7521 7107 6821 8514 2630
 31 395 26 1835 4966 2873 4314 4252 3326 2794 9733 1516 7554 1176 6716 700 6453 4129 2292 7813 2272 4972 5656 8010 3977 7512 7998 1716 5729 9841 6625 3767
 28 6021 1415 7222 108 5585 9489 7878 2771 5053 1725 1082 9704 7355 1879 7126 8720 6724 7168 847 1940 4075 4971 2109 3098 891 3652 5736 3006
 28 2652 8073 144 422 1659 3783 5446 8235 2132 4792 5429 7267 6454 1467 4226 169 9564 8425 9345 9801 1251 9661 6022 2537 5466 2969 6088 4131
 27 9211 4634 3260 4248 5323 6750 2562 3215 3105 7328 5169 3568 1894 4109 8373 3047 2690 5799 1582 944 9849 9881 7738 6074 8548 7364 7796
 26 9054 1805 2963 6348 5052 1547 1882 7268 2943 2014 3054 2372 9066 3113 4143 599 7098 1949 5172 6579 2398 6041 4197 9152 6969 63
 27 3384 1387 9957 2418 5387 60 1055 9546 6559 5906 7122 5347 9256 9119 536 535 6604 1090 3053 7501 1594 4026 2807 9782 7775 5987 9784
 25 8595 6046 4535 7151 1178 5086 5478 5683 2281 9842 6456 6951 2114 3650 5655 7083 1475 3294 6101 4155 2063 486 7804 2789 2494
 26 1187 227 6410 6922 4867 8924 2908 4630 3388 2763 6646 6809 5652 5790 5958 6039 7961 5288 7254 9004 9348 5402 6408 2902 451 4871
 25 8453 6600 6864 4529 5658 2569 1322 3715 5070 2986 8482 4862 4851 2341 2321 7314 7797 3862 6548 2926 1279 6305 9383 2719 6202
 30 3968 3258 9785 3845 1257 1009 6369 2415 594 9526 9857 7941 7242 4578 8761 8610 8614 7912 381 6326 3600 8767 7913 783 1277 978 5344 9244 8374 5561
 27 9488 1691 8969 3518 1855 7974 7359 3830 5277 1168 1303 3812 32 6418 3978 6353 4596 6853 5179 8030 9789 889 7280 8228 6776 5392 1289
 31 4398 4794 3987 9708 4788 6167 2744 550 2689 1360 360 6552 9677 1126 1829 7044 112 5487 9551 5340 2362 3666 9271 1528 5872 7019 3841 3406 2881 4268 1653
 28 2191 5865 5545 2736 1863 2747 8439 9540 1804 3654 1218 8623 8347 7549 5943 7200 7437 3068 4085 508 1722 6355 8576 5173 5543 9847 8631 5211
 23 1466 2202 3312 9702 9629 5637 2450 9006 4900 2062 7877 7058 8688 6306 985 7635 4853 4563 7666 4666 9003 9349 8392
 33 9561 2648 7720 551 1818 7442 3323 8701 1441 8913 9380 9362 9457 6847 391 1548 8335 5890 3321 9002 254 9140 5154 9156 4441 6109 2619 2383 892 3962 4605 4418 4347
 31 9543 4338 6765 7475 665 8833 3707 4639 2868 2961 5508 2590 3273 1934 6811 2730 388 3928 1161 9046 8171 1748 8405 7017 9905 8363 2712 3138 8879 8753 9478
 31 2823 9692 6200 5516 2036 555 1521 4251 3908 8760 4019 9964 3095 683 8094 838 6545 4240 1 8674 279 1463 5141 9101 4999 1181 6660 5859 282 9410 9604
 27 9440 2713 6347 8952 191 2971 3844 2358 1282 2409 8638 3146 4985 9060 2631 9587 5123 3749 6144 7182 7987 8323 3424 2104 4698 6269 5273
 30 7613 7006 1531 9190 2323 1283 9565 996 1735 1767 4885 8493 9067 4533 2643 8752 3700 9325 9323 1013 9174 8303 9199 5979 2461 5243 7551 8487 4586 5473
 29 6891 7096 2777 2293 1390 6292 1194 8377 4385 2722 21 4374 76 6993 8334 6175 4727 955 1450 8869 154 6641 3497 8169 5946 2706 5507 1106 6804
 27 8698 9743 7698 2013 7249 7800 5875 9949 4243 1825 7838 5259 1544 7853 5731 386 5672 4357 4198 765 9061 4490 7970 2571 4274 5365 2582
 25 8579 839 6819 3331 721 1093 2499 6160 7484 7213 3134 8901 5443 6977 4106 5174 1471 2733 8951 6569 9041 3826 224 7899 2423
 32 6227 811 9166 3972 1560 7416 908 8012 3520 9451 9854 9035 8832 8149 2151 6611 1713 3814 9509 9105 1979 7818 1183 7101 4366 3988 1765 4762 852 556 7533 5410
 26 9858 6319 9352 6556 8445 232 8442 3905 1602 4272 1329 2184 9655 5833 8762 5214 6930 5131 1246 5929 4939 520 1209 6709 24 3530
 30 6330 9361 7724 1737 5 7668 7891 4487 8646 871 4431 4375 1935 6892 9666 7626 6884 1652 8662 9399 7169 9036 3994 8510 8788 6059 3057 951 9860 2107
 27 9960 1067 3149 3524 629 8281 6361 9338 111 5904 5442 2998 9458 7346 2342 9326 4149 8626 9266 4876 8923 1019 4848 2294 1404 4352 4300
 30 5798 5475 9669 1795 9467 8532 8572 1032 3481 4652 8617 2502 2520 9278 2645 4420 8787 1221 9734 7823 1884 3624 7085 1328 1061 6011 1820 1313 1235 8385
 28 3902 3632 4057 3656 9123 81 8410 1440 6236 8652 4153 5770 8821 9068 5450 7199 650 1973 4056 4086 2277 7266 6583 809 2819 1136 9404 900
 30 1143 7574 5740 6231 5553 3050 163 9745 3192 1810 7942 7536 2120 4952 133 4617 3175 611 3213 4482 3408 2662 3969 2669 4362 399 8484 8443 2957 8311
 28 6956 1285 3919 3306 5940 6618 8375 5084 1064 8476 413 9654 2606 917 3073 4321 7783 5164 201 4283 3498 8929 3438 5985 7089 7029 3633 845
 29 8404 3903 8699 5181 2394 9147 9892 3243 7927 9267 4306 3228 7771 5411 4218 2666 9598 9553 8313 6528 7749 8508 5016 6317 9679 9045 6161 8265 9418
 31 1599 3104 8590 3519 7543 1923 3917 9622 484 6547 3398 1526 1309 9689 2382 3454 5219 143 3250 613 1291 3012 8612 7311 1086 3838 2618 624 1607 2267 3810
 28 3233 6785 5113 9019 9520 9761 6985 3300 2238 925 4782 1723 3798 3441 758 4693 9626 1803 3999 5715 50 9342 7517 8782 8409 2776 7214 8715
 26 8085 5233 7529 8052 9382 9963 5079 7768 290 3850 199 2857 71 2220 6607 4623 5239 5357 4372 122 1755 2317 8556 7386 9615 7315
 27 2766 1752 9791 8717 9385 6657 7842 7375 4734 9059 9634 9529 709 5808 1145 4340 1050 9893 5688 1224 9985 1234 298 3135 5559 1022 119
 24 1764 9942 4442 9817 7177 2608 3777 9056 67 239 9800 9716 5026 3193 1087 7226 1077 9333 2210 9879 5864 3457 3474 5723
 27 8184 5973 5156 2746 7327 9955 1258 9994 2320 6893 8808 7443 5691 8489 7556 9717 3718 9846 8664 433 9569 7601 8803 8987 8928 9388 2406
 25 2146 9336 5965 2479 7430 7607 3033 8741 7869 7415 6590 4430 782 2187 1169 3359 7510 2639 4234 3578 5719 3354 2737 8539 3227
 24 8267 5675 5726 1245 1730 670 9548 5366 5292 9372 1321 947 5727 7758 4299 935 9859 6 4905 3092 3589 6498 5738 9895
 32 2163 5209 1779 350 1220 7381 4030 8865 5784 2470 4691 5592 4519 8815 1915 8666 6878 6398 5409 183 5242 4162 6314 7821 6071 9176 3712 8554 2385 287 3106 3107
 37 8561 3505 1909 5237 2042 5102 6868 4948 8564 9183 141 7693 6690 3402 3817 5497 2465 1223 1838 5299 3616 7129 6400 5617 9337 9028 3093 1782 464 1479 2360 9900 5950 7223 5948 8387 849
 31 3075 2996 1035 1196 6003 5680 3411 3001 1121 9376 2260 4990 3290 9279 5346 4148 4232 6387 1903 7070 742 6070 8382 3676 4176 2340 6761 4877 340 9995 2436
 25 8607 3765 5472 5313 9665 6389 8441 4040 4136 9844 9421 2283 9683 6512 9647 8947 97 6095 8557 5518 823 1254 4224 8819 85
 35 2830 7606 4632 7448 3763 9627 6005 2057 3272 8264 720 6675 6412 5309 8558 781 8066 2204 6220 5531 56 8702 8444 4719 5625 4154 9684 2074 1731 7048 2533 8117 9904 6561 3517
 31 5147 4805 8406 4773 3383 460 8273 1604 7349 7944 4205 2403 363 6862 2900 8020 2845 4855 6714 255 5186 6087 6297 2443 8192 7713 3936 47 2848 7319 2386
 33 724 6152 8386 9131 3476 2051 7845 6554 2242 5802 323 7610 6707 2897 7509 8348 2237 1828 6758 588 1941 5778 7507 9275 7600 1318 5232 2197 3940 4561 3062 2528 7502
 30 5673 4397 8568 1037 434 8237 9856 8834 572 8349 6523 8013 2474 2325 529 4930 1936 278 9292 7189 9946 707 2476 1974 6782 1449 2779 8105 4635 973
 28 4107 6664 2756 1241 3292 184 0 6296 1680 9970 2044 6352 3317 7077 5827 2226 398 8107 9230 155 4013 9318 9652 9433 6293 4840 9645 2213
 24 5325 5898 273 4181 8970 4642 1836 9254 9089 1172 9739 3449 5718 4146 4750 8271 9125 2081 1922 146 2177 2248 6028 8351
 26 7901 3496 1062 5112 404 215 5318 3667 9240 3379 6585 1490 7557 6072 2484 7676 5614 9783 7904 6517 4908 9124 8219 3717 4793 4965
 29 7760 8523 4769 1756 8540 899 3871 8518 87 2303 5407 2230 7352 8661 6156 2287 14 8158 6526 4023 4159 4022 5589 1685 2311 3226 3381 7978 2659
 25 377 7787 5115 4126 5896 8966 1302 8528 4158 5304 2946 5118 9673 4258 6380 7273 1265 3255 6219 8344 2694 9576 5092 578 1946
 28 2381 314 1520 8751 3479 7393 9461 8645 7703 878 4844 1742 1044 198 7276 6924 1495 2660 8496 4778 6645 6080 5649 9025 4291 8151 4254 3399
 28 3198 3247 9202 2228 9754 8681 792 36 6069 8448 4294 8807 7882 2015 4800 8028 7994 9726 6870 2455 5363 6316 4505 455 1762 4580 3202 2678
 27 9764 8934 7638 6284 7575 571 1042 9599 7680 3784 1158 8734 7701 6484 7656 7700 2174 4763 3397 6913 1658 3374 2261 9912 6633 6843 6576
 24 3288 5771 817 4587 2762 5406 3989 3262 8878 2188 5080 1744 2581 904 3569 8997 3964 7530 6926 1947 4461 5021 2249 8694
 27 5801 8850 4896 5829 6826 43 1898 8463 190 6515 3362 4168 3622 6365 8276 8837 6058 5931 1101 1394 1381 2655 3141 196 5926 2561 6405
 26 6257 9459 2147 7992 4069 7202 893 7091 4002 1128 7043 8871 1496 5810 7210 5267 2002 9013 4336 732 7094 4196 4820 9535 7921 1596
 30 929 474 271 7191 9806 3620 8162 9027 970 4137 4395 8289 5659 3515 7830 4667 339 8135 9050 6104 5003 2246 1806 7504 118 6619 3706 1474 5712 7559
 30 3240 5532 6699 3950 8663 6027 2359 4724 5343 4130 9051 7237 7712 5730 7570 6476 8817 5858 1162 1687 5190 5316 312 7220 5665 6907 2718 6960 9941 3634
 27 7205 4944 1822 3367 6452 3997 4465 2175 9562 1292 4565 7884 5202 8190 1763 1338 7403 9000 9373 2162 1311 3084 2866 2911 8132 7063 2894
 30 1030 9213 7329 3623 8756 1368 4145 4193 4432 9375 7935 6948 237 4713 8279 4776 6904 3684 95 3927 7292 2665 6662 9541 3022 3483 6832 8165 9971 819
 34 2091 7186 7611 7026 1505 5244 9115 6242 8957 7201 4692 9044 5071 2835 6357 9502 2020 6728 2837 8713 6078 1376 9471 9922 5338 4626 3613 5686 7463 3734 3906 1369 4707 5453
 28 1833 5984 6363 3992 2024 8417 5639 2027 4997 6098 7990 6721 5379 9923 8223 7438 3885 4653 5636 7067 4781 5735 3727 5110 5650 5621 8096 6511
 31 5383 457 8481 2570 1644 7203 1865 4298 6218 5975 6385 7336 8755 5905 8007 8925 5839 2704 2527 297 1216 326 6571 2023 8785 7193 2621 4267 77 937 4875
 30 7794 8740 6474 5612 7412 7541 252 7046 5523 9545 3407 3819 3585 382 4471 3400 6861 7879 7333 3178 7599 8229 1372 2987 7457 9947 7938 8932 711 5517
 32 2711 7639 2769 6278 5051 5596 5396 8840 1871 5749 5222 4544 8801 5874 125 2348 3458 3512 8534 5541 7353 4847 9706 4649 7452 3351 6784 9934 2189 1550 4354 4275
 27 7179 9498 3316 7279 879 6464 7896 7629 9260 4921 6191 2178 292 4423 989 5220 6100 938 645 4812 2515 8633 8818 2834 6947 202 7326
 26 7313 281 1205 3150 7286 1342 8828 9425 7036 3147 189 6757 3180 6743 4054 2696 9519 1663 1447 7354 818 3239 3993 5618 8037 9827
 26 6190 6635 4034 3744 5126 6312 2707 6531 636 907 1972 1847 3801 1832 8133 9162 9239 488 3924 7933 7799 5936 6818 2516 5317 283
 30 482 9446 3551 9251 3099 2860 8421 3573 3420 1610 4888 4489 2276 1761 8882 1840 1225 4738 3222 5468 179 5626 1501 3352 262 8559 8895 1638 8314 969
 31 1573 4088 4006 4192 8050 3625 107 6277 1676 3797 8047 8413 2121 8038 7623 3941 4033 7591 1366 7685 867 1497 5615 6833 9705 4346 8916 8402 2456 8805 9346
 26 5645 2785 6620 8651 8726 6551 2322 51 9760 1647 564 249 3974 3344 9021 9758 976 160 963 826 4138 1543 1385 1991 7471 3232
 33 7132 6543 1704 5881 2399 4001 8727 4969 2331 8292 685 8988 5311 1799 8813 3839 2404 8650 7033 6323 7514 5295 1240 7563 8868 3445 6067 7113 5981 5870 9613 7593 2149
 31 7256 1831 3856 276 6563 294 7980 8609 3427 6715 9593 300 1948 7288 866 4737 5399 7181 6195 6064 959 3673 6489 4993 9032 4287 5795 8637 4512 7474 9307
 29 9246 1824 523 3701 6402 4436 1217 6746 3745 789 4262 3286 9249 7696 7053 6432 3129 1341 2333 5103 5745 8069 3154 9335 7342 8068 2441 3059 7460
 26 9038 476 3640 9273 7488 185 2846 5704 2595 9420 1226 5509 7863 4284 603 6345 6228 8860 2231 4894 4744 2427 2308 2959 1184 419
 26 8502 9417 1924 1442 5566 931 8711 402 4117 7455 5059 7466 5803 4547 8338 3409 8495 2641 7686 7204 7128 1812 7770 448 9403 8909
 29 1660 9538 656 5129 1758 1907 3205 8076 8040 4504 54 5137 5782 1774 2982 5971 2714 3325 8921 5469 5722 4772 5785 8542 4411 8792 1079 6722 5320
 27 8372 2698 554 3811 678 1760 8176 8679 794 8238 258 5367 3609 1662 2757 8996 6962 1523 4987 7137 3469 2884 6916 7192 4695 2099 6038
 31 7735 7047 429 2966 2801 5912 5670 4377 1299 2788 7776 1069 6674 6378 3686 3415 8621 830 3125 3252 6525 4528 8173 3002 4210 3996 7711 3607 1105 836 7641
 26 4581 1014 5148 5705 949 8006 7467 7561 219 5100 4856 2826 8350 567 557 1057 4700 1789 1625 4826 5961 7301 3842 5734 6898 1793
 26 6982 61 8872 9836 1631 4887 1344 7054 4315 5821 7071 2878 6742 5187 2602 9532 6107 5995 5753 9819 1583 181 581 843 3308 9109
 29 4801 9157 4503 6910 7769 8293 2774 1541 4263 8055 5963 916 1144 2464 981 8599 8843 6343 2625 7762 3789 3787 7736 4324 7228 641 5809 6404 4678
 27 957 4922 7014 4311 4476 7621 5022 6295 2950 5502 2286 545 9824 1457 3639 6334 5884 9730 1850 5807 8275 9539 6077 2572 8986 6240 4712
 26 1377 7752 3698 1293 3443 8620 6535 2799 353 858 3132 639 6321 4125 2945 4493 9928 6789 9432 4211 4569 9508 2170 9927 2493 3159
 25 8039 5653 8919 3914 5109 2401 8992 4621 888 9324 4483 4047 4825 5606 7763 6079 9567 1400 1438 7498 9201 2285 4517 8187 3285
 30 4830 3534 8678 7253 5895 2573 779 8714 4278 4089 6854 1081 7291 3191 5289 7370 5122 1853 5716 9297 7808 2598 7971 6825 6702 4593 6136 9723 7294 6065
 27 1492 1364 1192 3582 791 3847 4880 5687 7503 7282 7312 5073 1905 1726 6426 9400 7500 461 1058 4187 4508 6855 114 4850 3355 6094 1651
 30 9814 9443 8504 5917 8797 3696 4165 1994 4722 7880 5133 2100 4582 8659 5993 7948 3692 5539 3204 7040 4439 2580 1987 4484 6325 5386 1227 120 4339 3952
 34 750 688 446 5134 5751 3680 7728 3804 1012 987 2457 6238 2017 5909 337 4317 4027 8200 247 1190 9401 5623 5328 4468 7683 7604 2088 7951 6881 3074 2925 3580 6596 4331
 29 9688 5703 3665 9470 3536 6099 3158 1431 5083 609 4098 8796 5076 1073 7628 5431 2787 2486 9086 770 2597 2953 4798 9285 8750 9438 8771 2016 4097
 33 5326 4878 2557 4710 7144 173 964 9393 383 8603 5584 2539 1483 863 4925 9024 4312 8362 1886 7999 4541 744 7373 1116 2035 9603 7389 8174 4984 9347 3840 5216 7270
 22 8669 8027 7384 3049 1677 174 8553 1248 3484 9092 345 3401 6302 8839 6558 129 2729 5624 427 6235 2809 9296
 26 3756 7946 5997 2469 7485 2519 132 8478 5105 1477 3229 7082 6367 4546 9902 2741 6376 8196 2307 9614 6642 9631 4681 79 4518 7947
 32 2517 5837 4989 8286 1862 1422 9263 2144 1160 6212 3675 5035 452 8824 680 1416 7888 9409 8210 1286 913 7547 3750 1041 7659 8789 18 8749 7164 8731 2895 6217
 25 8299 23 548 2599 6961 2992 8569 6752 7931 8944 3058 2842 6174 831 6451 755 165 2579 5184 8045 9642 1937 9161 6264 7996
 24 9445 7309 4716 7016 3151 5253 8588 8296 5480 5162 6388 2973 6208 5947 5880 5773 4837 3738 7469 5101 9291 4228 8270 2157
 28 2765 6796 8125 3781 432 5224 6874 7024 5440 8967 5852 6601 2617 9547 8355 8242 2411 3327 2754 2192 4330 6194 8940 7644 2094 9452 950 1635
 29 5130 3693 7331 1926 3612 9484 9391 4313 420 4348 204 4726 2891 8943 2686 4943 7018 6963 8684 9465 2742 2366 668 9449 7595 1939 4353 2530 9481
 24 8121 626 5197 6459 1080 4553 3348 380 7483 3212 6224 259 6406 9935 1114 9469 1581 7372 5203 8342 10 8043 769 1868
 28 9890 2198 9820 5377 4976 238 5706 106 4413 5183 1089 4579 560 5791 225 4598 5479 2692 4202 1844 1814 8881 9205 7524 480 1015 3970 7066
 28 7545 4759 8781 3324 2141 2137 6049 4454 1253 5384 2050 3020 9769 1870 7919 1171 8095 2387 8336 3432 4451 3736 4409 5009 6688 4237 5915 4644
 30 4501 2793 8415 1614 5349 5258 9258 1674 2129 5376 2624 615 3364 7195 5830 3269 5820 5643 3790 8563 772 1335 8656 5364 6477 3586 2626 6052 8619 4037
 30 2563 6062 968 2930 8910 7087 1944 22 6097 5238 7032 1182 4689 3416 3314 6544 9931 9011 2432 8034 1164 6132 9938 11 6541 37 9778 2431 4923 5644
 33 7382 5557 7235 4803 7020 7109 5542 8201 7675 1525 2679 7316 3037 5397 2651 9116 8591 2984 4371 3677 7932 1710 1334 9245 9305 8427 9450 2269 497 5032 8272 561 2518
 24 8394 1271 8297 7219 4050 2912 6411 6978 1290 1435 997 4179 3730 9672 3063 4328 8587 9965 9137 4810 932 4615 7861 5638
 28 436 8434 9408 9175 1197 7667 9989 9880 1310 833 8917 9173 2705 8639 5767 2753 5957 1619 3485 3206 1570 632 7074 6181 2444 1739 4963 2507
 29 2414 8366 540 8381 2687 2142 5045 6225 3055 3298 2122 9303 1406 8137 7844 361 6223 8900 7732 5139 8525 4245 9306 1877 2491 5430 3279 6974 75
 29 3782 773 2607 5049 4765 8906 5999 408 8798 6244 1354 7409 3124 406 8436 6706 5646 8321 3594 6958 1006 8380 6004 7073 4531 6828 9748 2850 4063
 33 1568 5336 9200 2954 9787 7890 8884 690 6817 901 9186 7450 3791 2011 5124 115 9833 376 5972 234 8982 6492 7081 3602 774 6834 5221 5776 2115 4412 9987 5635 4539
 33 8653 4236 4068 9956 8697 5990 2096 883 2574 257 6705 9072 799 4779 5268 5627 3869 3960 6689 807 3032 8079 8763 372 8955 6534 9069 8522 516 6972 9573 5717 9958
 25 4349 9117 2604 9042 1325 4018 4817 3225 743 9084 7037 3553 9628 6915 6006 998 5037 2259 3189 5358 754 1361 3101 3422 2587
 27 1788 915 3855 873 2918 4134 5090 1679 2509 7039 6849 2743 2424 2951 5447 2087 9611 829 329 3823 4039 3045 121 2498 749 9358 1637
 24 280 3899 6155 1776 4655 4486 3299 9818 1423 8976 1320 6114 5786 1887 9630 3473 4233 3689 5873 149 5261 9786 8583 9343
